Vertex Count: 36

Data:

68.3102 0 55.3747 0 0 0 -1 0
-68.3102 0 55.3747 1 0 0 -1 0
-68.3102 0 -55.3747 1 1 0 -1 0
-68.3102 0 -55.3747 1 1 0 -1 0
68.3102 0 -55.3747 0 1 0 -1 0
68.3102 0 55.3747 0 0 0 -1 0
68.3102 4.283 55.3747 1 0 0 1 0
68.3102 4.283 -55.3747 1 1 0 1 0
-68.3102 4.283 -55.3747 0 1 0 1 0
-68.3102 4.283 -55.3747 0 1 0 1 0
-68.3102 4.283 55.3747 0 0 0 1 0
68.3102 4.283 55.3747 1 0 0 1 0
68.3102 4.283 -55.3747 1 0 0 0 -1
68.3102 0 -55.3747 1 1 0 0 -1
-68.3102 0 -55.3747 0 1 0 0 -1
-68.3102 0 -55.3747 0 1 0 0 -1
-68.3102 4.283 -55.3747 0 0 0 0 -1
68.3102 4.283 -55.3747 1 0 0 0 -1
68.3102 4.283 55.3747 1 0 1 0 0
68.3102 0 55.3747 1 1 1 0 0
68.3102 0 -55.3747 0 1 1 0 0
68.3102 0 -55.3747 0 1 1 0 0
68.3102 4.283 -55.3747 0 0 1 0 0
68.3102 4.283 55.3747 1 0 1 0 0
-68.3102 4.283 55.3747 1 0 0 0 1
-68.3102 0 55.3747 1 1 0 0 1
68.3102 0 55.3747 0 1 0 0 1
68.3102 0 55.3747 0 1 0 0 1
68.3102 4.283 55.3747 0 0 0 0 1
-68.3102 4.283 55.3747 1 0 0 0 1
-68.3102 4.283 -55.3747 1 0 -1 0 0
-68.3102 0 -55.3747 1 1 -1 0 0
-68.3102 0 55.3747 0 1 -1 0 0
-68.3102 0 55.3747 0 1 -1 0 0
-68.3102 4.283 55.3747 0 0 -1 0 0
-68.3102 4.283 -55.3747 1 0 -1 0 0
