Vertex Count: 1440

Data:

0.1035 98.0785 19.9713 0 0.0625 0 -0.9796 -0.201
-3.7026 98.0785 19.5964 0.0313 0.0625 0.0392 -0.9796 -0.1971
0.1035 100 0.4622 0 0 0 -1 -0
-3.7026 98.0785 19.5964 0.0313 0.0625 0.0392 -0.9796 -0.1971
-7.3623 98.0785 18.4862 0.0625 0.0625 0.0769 -0.9796 -0.1857
0.1035 100 0.4622 0.0313 0 0 -1 -0
-7.3623 98.0785 18.4862 0.0625 0.0625 0.0769 -0.9796 -0.1857
-10.7352 98.0785 16.6834 0.0938 0.0625 0.1117 -0.9796 -0.1671
0.1035 100 0.4622 0.0625 0 0 -1 -0
-10.7352 98.0785 16.6834 0.0938 0.0625 0.1117 -0.9796 -0.1671
-13.6915 98.0785 14.2572 0.125 0.0625 0.1421 -0.9796 -0.1421
0.1035 100 0.4622 0.0938 0 0 -1 -0
-13.6915 98.0785 14.2572 0.125 0.0625 0.1421 -0.9796 -0.1421
-16.1177 98.0785 11.3009 0.1563 0.0625 0.1671 -0.9796 -0.1117
0.1035 100 0.4622 0.125 0 0 -1 -0
-16.1177 98.0785 11.3009 0.1563 0.0625 0.1671 -0.9796 -0.1117
-17.9205 98.0785 7.928 0.1875 0.0625 0.1857 -0.9796 -0.0769
0.1035 100 0.4622 0.1563 0 0 -1 -0
-17.9205 98.0785 7.928 0.1875 0.0625 0.1857 -0.9796 -0.0769
-19.0307 98.0785 4.2682 0.2187 0.0625 0.1971 -0.9796 -0.0392
0.1035 100 0.4622 0.1875 0 0 -1 -0
-19.0307 98.0785 4.2682 0.2187 0.0625 0.1971 -0.9796 -0.0392
-19.4056 98.0785 0.4622 0.25 0.0625 0.201 -0.9796 0
0.1035 100 0.4622 0.2187 0 0 -1 -0
-19.4056 98.0785 0.4622 0.25 0.0625 0.201 -0.9796 0
-19.0307 98.0785 -3.3438 0.2812 0.0625 0.1971 -0.9796 0.0392
0.1035 100 0.4622 0.25 0 0 -1 -0
-19.0307 98.0785 -3.3438 0.2812 0.0625 0.1971 -0.9796 0.0392
-17.9205 98.0785 -7.0036 0.3125 0.0625 0.1857 -0.9796 0.0769
0.1035 100 0.4622 0.2812 0 0 -1 -0
-17.9205 98.0785 -7.0036 0.3125 0.0625 0.1857 -0.9796 0.0769
-16.1177 98.0785 -10.3764 0.3437 0.0625 0.1671 -0.9796 0.1117
0.1035 100 0.4622 0.3125 0 0 -1 -0
-16.1177 98.0785 -10.3764 0.3437 0.0625 0.1671 -0.9796 0.1117
-13.6915 98.0785 -13.3328 0.375 0.0625 0.1421 -0.9796 0.1421
0.1035 100 0.4622 0.3437 0 0 -1 -0
-13.6915 98.0785 -13.3328 0.375 0.0625 0.1421 -0.9796 0.1421
-10.7352 98.0785 -15.759 0.4063 0.0625 0.1117 -0.9796 0.1671
0.1035 100 0.4622 0.375 0 0 -1 -0
-10.7352 98.0785 -15.759 0.4063 0.0625 0.1117 -0.9796 0.1671
-7.3623 98.0785 -17.5618 0.4375 0.0625 0.0769 -0.9796 0.1857
0.1035 100 0.4622 0.4063 0 0 -1 -0
-7.3623 98.0785 -17.5618 0.4375 0.0625 0.0769 -0.9796 0.1857
-3.7025 98.0785 -18.672 0.4688 0.0625 0.0392 -0.9796 0.1971
0.1035 100 0.4622 0.4375 0 0 -1 -0
-3.7025 98.0785 -18.672 0.4688 0.0625 0.0392 -0.9796 0.1971
0.1035 98.0785 -19.0468 0.5 0.0625 -0 -0.9796 0.201
0.1035 100 0.4622 0.4688 0 0 -1 -0
0.1035 98.0785 -19.0468 0.5 0.0625 -0 -0.9796 0.201
3.9095 98.0785 -18.6719 0.5313 0.0625 -0.0392 -0.9796 0.1971
0.1035 100 0.4622 0.5 0 0 -1 -0
3.9095 98.0785 -18.6719 0.5313 0.0625 -0.0392 -0.9796 0.1971
7.5693 98.0785 -17.5618 0.5625 0.0625 -0.0769 -0.9796 0.1857
0.1035 100 0.4622 0.5313 0 0 -1 -0
7.5693 98.0785 -17.5618 0.5625 0.0625 -0.0769 -0.9796 0.1857
10.9421 98.0785 -15.7589 0.5938 0.0625 -0.1117 -0.9796 0.1671
0.1035 100 0.4622 0.5625 0 0 -1 -0
10.9421 98.0785 -15.7589 0.5938 0.0625 -0.1117 -0.9796 0.1671
13.8984 98.0785 -13.3327 0.625 0.0625 -0.1421 -0.9796 0.1421
0.1035 100 0.4622 0.5938 0 0 -1 -0
13.8984 98.0785 -13.3327 0.625 0.0625 -0.1421 -0.9796 0.1421
16.3246 98.0785 -10.3764 0.6563 0.0625 -0.1671 -0.9796 0.1117
0.1035 100 0.4622 0.625 0 0 -1 -0
16.3246 98.0785 -10.3764 0.6563 0.0625 -0.1671 -0.9796 0.1117
18.1275 98.0785 -7.0035 0.6875 0.0625 -0.1857 -0.9796 0.0769
0.1035 100 0.4622 0.6563 0 0 -1 -0
18.1275 98.0785 -7.0035 0.6875 0.0625 -0.1857 -0.9796 0.0769
19.2376 98.0785 -3.3438 0.7188 0.0625 -0.1971 -0.9796 0.0392
0.1035 100 0.4622 0.6875 0 0 -1 -0
19.2376 98.0785 -3.3438 0.7188 0.0625 -0.1971 -0.9796 0.0392
19.6125 98.0785 0.4623 0.75 0.0625 -0.201 -0.9796 -0
0.1035 100 0.4622 0.7188 0 0 -1 -0
19.6125 98.0785 0.4623 0.75 0.0625 -0.201 -0.9796 -0
19.2376 98.0785 4.2683 0.7813 0.0625 -0.1971 -0.9796 -0.0392
0.1035 100 0.4622 0.75 0 0 -1 -0
19.2376 98.0785 4.2683 0.7813 0.0625 -0.1971 -0.9796 -0.0392
18.1274 98.0785 7.928 0.8125 0.0625 -0.1857 -0.9796 -0.0769
0.1035 100 0.4622 0.7813 0 0 -1 -0
18.1274 98.0785 7.928 0.8125 0.0625 -0.1857 -0.9796 -0.0769
16.3246 98.0785 11.3009 0.8438 0.0625 -0.1671 -0.9796 -0.1117
0.1035 100 0.4622 0.8125 0 0 -1 -0
16.3246 98.0785 11.3009 0.8438 0.0625 -0.1671 -0.9796 -0.1117
13.8984 98.0785 14.2572 0.875 0.0625 -0.1421 -0.9796 -0.1421
0.1035 100 0.4622 0.8438 0 0 -1 -0
13.8984 98.0785 14.2572 0.875 0.0625 -0.1421 -0.9796 -0.1421
10.9421 98.0785 16.6834 0.9063 0.0625 -0.1117 -0.9796 -0.1671
0.1035 100 0.4622 0.875 0 0 -1 -0
10.9421 98.0785 16.6834 0.9063 0.0625 -0.1117 -0.9796 -0.1671
7.5692 98.0785 18.4862 0.9375 0.0625 -0.0769 -0.9796 -0.1857
0.1035 100 0.4622 0.9063 0 0 -1 -0
7.5692 98.0785 18.4862 0.9375 0.0625 -0.0769 -0.9796 -0.1857
3.9094 98.0785 19.5964 0.9688 0.0625 -0.0392 -0.9796 -0.1971
0.1035 100 0.4622 0.9375 0 0 -1 -0
3.9094 98.0785 19.5964 0.9688 0.0625 -0.0392 -0.9796 -0.1971
0.1035 98.0785 19.9713 1 0.0625 0 -0.9796 -0.201
0.1035 100 0.4622 0.9688 0 0 -1 -0
0.1035 98.0785 19.9713 0 0.0625 0 -0.9796 -0.201
0.1035 92.3879 38.7306 0 0.125 0 -0.9217 -0.3879
-7.3623 92.3879 37.9952 0.0313 0.125 0.0757 -0.9217 -0.3804
-7.3623 92.3879 37.9952 0.0313 0.125 0.0757 -0.9217 -0.3804
-3.7026 98.0785 19.5964 0.0313 0.0625 0.0392 -0.9796 -0.1971
0.1035 98.0785 19.9713 0 0.0625 0 -0.9796 -0.201
-3.7026 98.0785 19.5964 0.0313 0.0625 0.0392 -0.9796 -0.1971
-7.3623 92.3879 37.9952 0.0313 0.125 0.0757 -0.9217 -0.3804
-14.5412 92.3879 35.8176 0.0625 0.125 0.1484 -0.9217 -0.3584
-14.5412 92.3879 35.8176 0.0625 0.125 0.1484 -0.9217 -0.3584
-7.3623 98.0785 18.4862 0.0625 0.0625 0.0769 -0.9796 -0.1857
-3.7026 98.0785 19.5964 0.0313 0.0625 0.0392 -0.9796 -0.1971
-7.3623 98.0785 18.4862 0.0625 0.0625 0.0769 -0.9796 -0.1857
-14.5412 92.3879 35.8176 0.0625 0.125 0.1484 -0.9217 -0.3584
-21.1573 92.3879 32.2812 0.0938 0.125 0.2155 -0.9217 -0.3225
-21.1573 92.3879 32.2812 0.0938 0.125 0.2155 -0.9217 -0.3225
-10.7352 98.0785 16.6834 0.0938 0.0625 0.1117 -0.9796 -0.1671
-7.3623 98.0785 18.4862 0.0625 0.0625 0.0769 -0.9796 -0.1857
-10.7352 98.0785 16.6834 0.0938 0.0625 0.1117 -0.9796 -0.1671
-21.1573 92.3879 32.2812 0.0938 0.125 0.2155 -0.9217 -0.3225
-26.9563 92.3879 27.522 0.125 0.125 0.2743 -0.9217 -0.2743
-26.9563 92.3879 27.522 0.125 0.125 0.2743 -0.9217 -0.2743
-13.6915 98.0785 14.2572 0.125 0.0625 0.1421 -0.9796 -0.1421
-10.7352 98.0785 16.6834 0.0938 0.0625 0.1117 -0.9796 -0.1671
-13.6915 98.0785 14.2572 0.125 0.0625 0.1421 -0.9796 -0.1421
-26.9563 92.3879 27.522 0.125 0.125 0.2743 -0.9217 -0.2743
-31.7155 92.3879 21.723 0.1563 0.125 0.3225 -0.9217 -0.2155
-31.7155 92.3879 21.723 0.1563 0.125 0.3225 -0.9217 -0.2155
-16.1177 98.0785 11.3009 0.1563 0.0625 0.1671 -0.9796 -0.1117
-13.6915 98.0785 14.2572 0.125 0.0625 0.1421 -0.9796 -0.1421
-16.1177 98.0785 11.3009 0.1563 0.0625 0.1671 -0.9796 -0.1117
-31.7155 92.3879 21.723 0.1563 0.125 0.3225 -0.9217 -0.2155
-35.2519 92.3879 15.1069 0.1875 0.125 0.3584 -0.9217 -0.1484
-35.2519 92.3879 15.1069 0.1875 0.125 0.3584 -0.9217 -0.1484
-17.9205 98.0785 7.928 0.1875 0.0625 0.1857 -0.9796 -0.0769
-16.1177 98.0785 11.3009 0.1563 0.0625 0.1671 -0.9796 -0.1117
-17.9205 98.0785 7.928 0.1875 0.0625 0.1857 -0.9796 -0.0769
-35.2519 92.3879 15.1069 0.1875 0.125 0.3584 -0.9217 -0.1484
-37.4296 92.3879 7.928 0.2187 0.125 0.3804 -0.9217 -0.0757
-37.4296 92.3879 7.928 0.2187 0.125 0.3804 -0.9217 -0.0757
-19.0307 98.0785 4.2682 0.2187 0.0625 0.1971 -0.9796 -0.0392
-17.9205 98.0785 7.928 0.1875 0.0625 0.1857 -0.9796 -0.0769
-19.0307 98.0785 4.2682 0.2187 0.0625 0.1971 -0.9796 -0.0392
-37.4296 92.3879 7.928 0.2187 0.125 0.3804 -0.9217 -0.0757
-38.1649 92.3879 0.4622 0.25 0.125 0.3879 -0.9217 0
-38.1649 92.3879 0.4622 0.25 0.125 0.3879 -0.9217 0
-19.4056 98.0785 0.4622 0.25 0.0625 0.201 -0.9796 0
-19.0307 98.0785 4.2682 0.2187 0.0625 0.1971 -0.9796 -0.0392
-19.4056 98.0785 0.4622 0.25 0.0625 0.201 -0.9796 0
-38.1649 92.3879 0.4622 0.25 0.125 0.3879 -0.9217 0
-37.4296 92.3879 -7.0036 0.2812 0.125 0.3804 -0.9217 0.0757
-37.4296 92.3879 -7.0036 0.2812 0.125 0.3804 -0.9217 0.0757
-19.0307 98.0785 -3.3438 0.2812 0.0625 0.1971 -0.9796 0.0392
-19.4056 98.0785 0.4622 0.25 0.0625 0.201 -0.9796 0
-19.0307 98.0785 -3.3438 0.2812 0.0625 0.1971 -0.9796 0.0392
-37.4296 92.3879 -7.0036 0.2812 0.125 0.3804 -0.9217 0.0757
-35.2519 92.3879 -14.1825 0.3125 0.125 0.3584 -0.9217 0.1484
-35.2519 92.3879 -14.1825 0.3125 0.125 0.3584 -0.9217 0.1484
-17.9205 98.0785 -7.0036 0.3125 0.0625 0.1857 -0.9796 0.0769
-19.0307 98.0785 -3.3438 0.2812 0.0625 0.1971 -0.9796 0.0392
-17.9205 98.0785 -7.0036 0.3125 0.0625 0.1857 -0.9796 0.0769
-35.2519 92.3879 -14.1825 0.3125 0.125 0.3584 -0.9217 0.1484
-31.7155 92.3879 -20.7986 0.3437 0.125 0.3225 -0.9217 0.2155
-31.7155 92.3879 -20.7986 0.3437 0.125 0.3225 -0.9217 0.2155
-16.1177 98.0785 -10.3764 0.3437 0.0625 0.1671 -0.9796 0.1117
-17.9205 98.0785 -7.0036 0.3125 0.0625 0.1857 -0.9796 0.0769
-16.1177 98.0785 -10.3764 0.3437 0.0625 0.1671 -0.9796 0.1117
-31.7155 92.3879 -20.7986 0.3437 0.125 0.3225 -0.9217 0.2155
-26.9563 92.3879 -26.5976 0.375 0.125 0.2743 -0.9217 0.2743
-26.9563 92.3879 -26.5976 0.375 0.125 0.2743 -0.9217 0.2743
-13.6915 98.0785 -13.3328 0.375 0.0625 0.1421 -0.9796 0.1421
-16.1177 98.0785 -10.3764 0.3437 0.0625 0.1671 -0.9796 0.1117
-13.6915 98.0785 -13.3328 0.375 0.0625 0.1421 -0.9796 0.1421
-26.9563 92.3879 -26.5976 0.375 0.125 0.2743 -0.9217 0.2743
-21.1573 92.3879 -31.3568 0.4063 0.125 0.2155 -0.9217 0.3225
-21.1573 92.3879 -31.3568 0.4063 0.125 0.2155 -0.9217 0.3225
-10.7352 98.0785 -15.759 0.4063 0.0625 0.1117 -0.9796 0.1671
-13.6915 98.0785 -13.3328 0.375 0.0625 0.1421 -0.9796 0.1421
-10.7352 98.0785 -15.759 0.4063 0.0625 0.1117 -0.9796 0.1671
-21.1573 92.3879 -31.3568 0.4063 0.125 0.2155 -0.9217 0.3225
-14.5412 92.3879 -34.8931 0.4375 0.125 0.1484 -0.9217 0.3584
-14.5412 92.3879 -34.8931 0.4375 0.125 0.1484 -0.9217 0.3584
-7.3623 98.0785 -17.5618 0.4375 0.0625 0.0769 -0.9796 0.1857
-10.7352 98.0785 -15.759 0.4063 0.0625 0.1117 -0.9796 0.1671
-7.3623 98.0785 -17.5618 0.4375 0.0625 0.0769 -0.9796 0.1857
-14.5412 92.3879 -34.8931 0.4375 0.125 0.1484 -0.9217 0.3584
-7.3623 92.3879 -37.0708 0.4688 0.125 0.0757 -0.9217 0.3804
-7.3623 92.3879 -37.0708 0.4688 0.125 0.0757 -0.9217 0.3804
-3.7025 98.0785 -18.672 0.4688 0.0625 0.0392 -0.9796 0.1971
-7.3623 98.0785 -17.5618 0.4375 0.0625 0.0769 -0.9796 0.1857
-3.7025 98.0785 -18.672 0.4688 0.0625 0.0392 -0.9796 0.1971
-7.3623 92.3879 -37.0708 0.4688 0.125 0.0757 -0.9217 0.3804
0.1035 92.3879 -37.8061 0.5 0.125 -0 -0.9217 0.3879
0.1035 92.3879 -37.8061 0.5 0.125 -0 -0.9217 0.3879
0.1035 98.0785 -19.0468 0.5 0.0625 -0 -0.9796 0.201
-3.7025 98.0785 -18.672 0.4688 0.0625 0.0392 -0.9796 0.1971
0.1035 98.0785 -19.0468 0.5 0.0625 -0 -0.9796 0.201
0.1035 92.3879 -37.8061 0.5 0.125 -0 -0.9217 0.3879
7.5693 92.3879 -37.0708 0.5313 0.125 -0.0757 -0.9217 0.3804
7.5693 92.3879 -37.0708 0.5313 0.125 -0.0757 -0.9217 0.3804
3.9095 98.0785 -18.6719 0.5313 0.0625 -0.0392 -0.9796 0.1971
0.1035 98.0785 -19.0468 0.5 0.0625 -0 -0.9796 0.201
3.9095 98.0785 -18.6719 0.5313 0.0625 -0.0392 -0.9796 0.1971
7.5693 92.3879 -37.0708 0.5313 0.125 -0.0757 -0.9217 0.3804
14.7482 92.3879 -34.8931 0.5625 0.125 -0.1484 -0.9217 0.3584
14.7482 92.3879 -34.8931 0.5625 0.125 -0.1484 -0.9217 0.3584
7.5693 98.0785 -17.5618 0.5625 0.0625 -0.0769 -0.9796 0.1857
3.9095 98.0785 -18.6719 0.5313 0.0625 -0.0392 -0.9796 0.1971
7.5693 98.0785 -17.5618 0.5625 0.0625 -0.0769 -0.9796 0.1857
14.7482 92.3879 -34.8931 0.5625 0.125 -0.1484 -0.9217 0.3584
21.3643 92.3879 -31.3567 0.5938 0.125 -0.2155 -0.9217 0.3225
21.3643 92.3879 -31.3567 0.5938 0.125 -0.2155 -0.9217 0.3225
10.9421 98.0785 -15.7589 0.5938 0.0625 -0.1117 -0.9796 0.1671
7.5693 98.0785 -17.5618 0.5625 0.0625 -0.0769 -0.9796 0.1857
10.9421 98.0785 -15.7589 0.5938 0.0625 -0.1117 -0.9796 0.1671
21.3643 92.3879 -31.3567 0.5938 0.125 -0.2155 -0.9217 0.3225
27.1633 92.3879 -26.5976 0.625 0.125 -0.2743 -0.9217 0.2743
27.1633 92.3879 -26.5976 0.625 0.125 -0.2743 -0.9217 0.2743
13.8984 98.0785 -13.3327 0.625 0.0625 -0.1421 -0.9796 0.1421
10.9421 98.0785 -15.7589 0.5938 0.0625 -0.1117 -0.9796 0.1671
13.8984 98.0785 -13.3327 0.625 0.0625 -0.1421 -0.9796 0.1421
27.1633 92.3879 -26.5976 0.625 0.125 -0.2743 -0.9217 0.2743
31.9225 92.3879 -20.7985 0.6563 0.125 -0.3225 -0.9217 0.2155
31.9225 92.3879 -20.7985 0.6563 0.125 -0.3225 -0.9217 0.2155
16.3246 98.0785 -10.3764 0.6563 0.0625 -0.1671 -0.9796 0.1117
13.8984 98.0785 -13.3327 0.625 0.0625 -0.1421 -0.9796 0.1421
16.3246 98.0785 -10.3764 0.6563 0.0625 -0.1671 -0.9796 0.1117
31.9225 92.3879 -20.7985 0.6563 0.125 -0.3225 -0.9217 0.2155
35.4588 92.3879 -14.1824 0.6875 0.125 -0.3584 -0.9217 0.1484
35.4588 92.3879 -14.1824 0.6875 0.125 -0.3584 -0.9217 0.1484
18.1275 98.0785 -7.0035 0.6875 0.0625 -0.1857 -0.9796 0.0769
16.3246 98.0785 -10.3764 0.6563 0.0625 -0.1671 -0.9796 0.1117
18.1275 98.0785 -7.0035 0.6875 0.0625 -0.1857 -0.9796 0.0769
35.4588 92.3879 -14.1824 0.6875 0.125 -0.3584 -0.9217 0.1484
37.6365 92.3879 -7.0035 0.7188 0.125 -0.3804 -0.9217 0.0757
37.6365 92.3879 -7.0035 0.7188 0.125 -0.3804 -0.9217 0.0757
19.2376 98.0785 -3.3438 0.7188 0.0625 -0.1971 -0.9796 0.0392
18.1275 98.0785 -7.0035 0.6875 0.0625 -0.1857 -0.9796 0.0769
19.2376 98.0785 -3.3438 0.7188 0.0625 -0.1971 -0.9796 0.0392
37.6365 92.3879 -7.0035 0.7188 0.125 -0.3804 -0.9217 0.0757
38.3718 92.3879 0.4623 0.75 0.125 -0.3879 -0.9217 -0
38.3718 92.3879 0.4623 0.75 0.125 -0.3879 -0.9217 -0
19.6125 98.0785 0.4623 0.75 0.0625 -0.201 -0.9796 -0
19.2376 98.0785 -3.3438 0.7188 0.0625 -0.1971 -0.9796 0.0392
19.6125 98.0785 0.4623 0.75 0.0625 -0.201 -0.9796 -0
38.3718 92.3879 0.4623 0.75 0.125 -0.3879 -0.9217 -0
37.6365 92.3879 7.9281 0.7813 0.125 -0.3804 -0.9217 -0.0757
37.6365 92.3879 7.9281 0.7813 0.125 -0.3804 -0.9217 -0.0757
19.2376 98.0785 4.2683 0.7813 0.0625 -0.1971 -0.9796 -0.0392
19.6125 98.0785 0.4623 0.75 0.0625 -0.201 -0.9796 -0
19.2376 98.0785 4.2683 0.7813 0.0625 -0.1971 -0.9796 -0.0392
37.6365 92.3879 7.9281 0.7813 0.125 -0.3804 -0.9217 -0.0757
35.4588 92.3879 15.1069 0.8125 0.125 -0.3584 -0.9217 -0.1484
35.4588 92.3879 15.1069 0.8125 0.125 -0.3584 -0.9217 -0.1484
18.1274 98.0785 7.928 0.8125 0.0625 -0.1857 -0.9796 -0.0769
19.2376 98.0785 4.2683 0.7813 0.0625 -0.1971 -0.9796 -0.0392
18.1274 98.0785 7.928 0.8125 0.0625 -0.1857 -0.9796 -0.0769
35.4588 92.3879 15.1069 0.8125 0.125 -0.3584 -0.9217 -0.1484
31.9224 92.3879 21.723 0.8438 0.125 -0.3225 -0.9217 -0.2155
31.9224 92.3879 21.723 0.8438 0.125 -0.3225 -0.9217 -0.2155
16.3246 98.0785 11.3009 0.8438 0.0625 -0.1671 -0.9796 -0.1117
18.1274 98.0785 7.928 0.8125 0.0625 -0.1857 -0.9796 -0.0769
16.3246 98.0785 11.3009 0.8438 0.0625 -0.1671 -0.9796 -0.1117
31.9224 92.3879 21.723 0.8438 0.125 -0.3225 -0.9217 -0.2155
27.1632 92.3879 27.5221 0.875 0.125 -0.2743 -0.9217 -0.2743
27.1632 92.3879 27.5221 0.875 0.125 -0.2743 -0.9217 -0.2743
13.8984 98.0785 14.2572 0.875 0.0625 -0.1421 -0.9796 -0.1421
16.3246 98.0785 11.3009 0.8438 0.0625 -0.1671 -0.9796 -0.1117
13.8984 98.0785 14.2572 0.875 0.0625 -0.1421 -0.9796 -0.1421
27.1632 92.3879 27.5221 0.875 0.125 -0.2743 -0.9217 -0.2743
21.3641 92.3879 32.2812 0.9063 0.125 -0.2155 -0.9217 -0.3225
21.3641 92.3879 32.2812 0.9063 0.125 -0.2155 -0.9217 -0.3225
10.9421 98.0785 16.6834 0.9063 0.0625 -0.1117 -0.9796 -0.1671
13.8984 98.0785 14.2572 0.875 0.0625 -0.1421 -0.9796 -0.1421
10.9421 98.0785 16.6834 0.9063 0.0625 -0.1117 -0.9796 -0.1671
21.3641 92.3879 32.2812 0.9063 0.125 -0.2155 -0.9217 -0.3225
14.748 92.3879 35.8176 0.9375 0.125 -0.1484 -0.9217 -0.3584
14.748 92.3879 35.8176 0.9375 0.125 -0.1484 -0.9217 -0.3584
7.5692 98.0785 18.4862 0.9375 0.0625 -0.0769 -0.9796 -0.1857
10.9421 98.0785 16.6834 0.9063 0.0625 -0.1117 -0.9796 -0.1671
7.5692 98.0785 18.4862 0.9375 0.0625 -0.0769 -0.9796 -0.1857
14.748 92.3879 35.8176 0.9375 0.125 -0.1484 -0.9217 -0.3584
7.5692 92.3879 37.9953 0.9688 0.125 -0.0757 -0.9217 -0.3804
7.5692 92.3879 37.9953 0.9688 0.125 -0.0757 -0.9217 -0.3804
3.9094 98.0785 19.5964 0.9688 0.0625 -0.0392 -0.9796 -0.1971
7.5692 98.0785 18.4862 0.9375 0.0625 -0.0769 -0.9796 -0.1857
3.9094 98.0785 19.5964 0.9688 0.0625 -0.0392 -0.9796 -0.1971
7.5692 92.3879 37.9953 0.9688 0.125 -0.0757 -0.9217 -0.3804
0.1035 92.3879 38.7306 1 0.125 0 -0.9217 -0.3879
0.1035 92.3879 38.7306 1 0.125 0 -0.9217 -0.3879
0.1035 98.0785 19.9713 1 0.0625 0 -0.9796 -0.201
3.9094 98.0785 19.5964 0.9688 0.0625 -0.0392 -0.9796 -0.1971
0.1035 92.3879 38.7306 0 0.125 0 -0.9217 -0.3879
0.1035 83.147 56.0192 0 0.1875 0 -0.8286 -0.5598
-10.7352 83.147 54.9517 0.0313 0.1875 0.1092 -0.8286 -0.549
-10.7352 83.147 54.9517 0.0313 0.1875 0.1092 -0.8286 -0.549
-7.3623 92.3879 37.9952 0.0313 0.125 0.0757 -0.9217 -0.3804
0.1035 92.3879 38.7306 0 0.125 0 -0.9217 -0.3879
-7.3623 92.3879 37.9952 0.0313 0.125 0.0757 -0.9217 -0.3804
-10.7352 83.147 54.9517 0.0313 0.1875 0.1092 -0.8286 -0.549
-21.1573 83.147 51.7902 0.0625 0.1875 0.2142 -0.8286 -0.5172
-21.1573 83.147 51.7902 0.0625 0.1875 0.2142 -0.8286 -0.5172
-14.5412 92.3879 35.8176 0.0625 0.125 0.1484 -0.9217 -0.3584
-7.3623 92.3879 37.9952 0.0313 0.125 0.0757 -0.9217 -0.3804
-14.5412 92.3879 35.8176 0.0625 0.125 0.1484 -0.9217 -0.3584
-21.1573 83.147 51.7902 0.0625 0.1875 0.2142 -0.8286 -0.5172
-30.7624 83.147 46.6562 0.0938 0.1875 0.311 -0.8286 -0.4654
-30.7624 83.147 46.6562 0.0938 0.1875 0.311 -0.8286 -0.4654
-21.1573 92.3879 32.2812 0.0938 0.125 0.2155 -0.9217 -0.3225
-14.5412 92.3879 35.8176 0.0625 0.125 0.1484 -0.9217 -0.3584
-21.1573 92.3879 32.2812 0.0938 0.125 0.2155 -0.9217 -0.3225
-30.7624 83.147 46.6562 0.0938 0.1875 0.311 -0.8286 -0.4654
-39.1813 83.147 39.747 0.125 0.1875 0.3958 -0.8286 -0.3958
-39.1813 83.147 39.747 0.125 0.1875 0.3958 -0.8286 -0.3958
-26.9563 92.3879 27.522 0.125 0.125 0.2743 -0.9217 -0.2743
-21.1573 92.3879 32.2812 0.0938 0.125 0.2155 -0.9217 -0.3225
-26.9563 92.3879 27.522 0.125 0.125 0.2743 -0.9217 -0.2743
-39.1813 83.147 39.747 0.125 0.1875 0.3958 -0.8286 -0.3958
-46.0905 83.147 31.328 0.1563 0.1875 0.4654 -0.8286 -0.311
-46.0905 83.147 31.328 0.1563 0.1875 0.4654 -0.8286 -0.311
-31.7155 92.3879 21.723 0.1563 0.125 0.3225 -0.9217 -0.2155
-26.9563 92.3879 27.522 0.125 0.125 0.2743 -0.9217 -0.2743
-31.7155 92.3879 21.723 0.1563 0.125 0.3225 -0.9217 -0.2155
-46.0905 83.147 31.328 0.1563 0.1875 0.4654 -0.8286 -0.311
-51.2245 83.147 21.723 0.1875 0.1875 0.5172 -0.8286 -0.2142
-51.2245 83.147 21.723 0.1875 0.1875 0.5172 -0.8286 -0.2142
-35.2519 92.3879 15.1069 0.1875 0.125 0.3584 -0.9217 -0.1484
-31.7155 92.3879 21.723 0.1563 0.125 0.3225 -0.9217 -0.2155
-35.2519 92.3879 15.1069 0.1875 0.125 0.3584 -0.9217 -0.1484
-51.2245 83.147 21.723 0.1875 0.1875 0.5172 -0.8286 -0.2142
-54.3861 83.147 11.3008 0.2187 0.1875 0.549 -0.8286 -0.1092
-54.3861 83.147 11.3008 0.2187 0.1875 0.549 -0.8286 -0.1092
-37.4296 92.3879 7.928 0.2187 0.125 0.3804 -0.9217 -0.0757
-35.2519 92.3879 15.1069 0.1875 0.125 0.3584 -0.9217 -0.1484
-37.4296 92.3879 7.928 0.2187 0.125 0.3804 -0.9217 -0.0757
-54.3861 83.147 11.3008 0.2187 0.1875 0.549 -0.8286 -0.1092
-55.4536 83.147 0.4622 0.25 0.1875 0.5598 -0.8286 0
-55.4536 83.147 0.4622 0.25 0.1875 0.5598 -0.8286 0
-38.1649 92.3879 0.4622 0.25 0.125 0.3879 -0.9217 0
-37.4296 92.3879 7.928 0.2187 0.125 0.3804 -0.9217 -0.0757
-38.1649 92.3879 0.4622 0.25 0.125 0.3879 -0.9217 0
-55.4536 83.147 0.4622 0.25 0.1875 0.5598 -0.8286 0
-54.3861 83.147 -10.3764 0.2812 0.1875 0.549 -0.8286 0.1092
-54.3861 83.147 -10.3764 0.2812 0.1875 0.549 -0.8286 0.1092
-37.4296 92.3879 -7.0036 0.2812 0.125 0.3804 -0.9217 0.0757
-38.1649 92.3879 0.4622 0.25 0.125 0.3879 -0.9217 0
-37.4296 92.3879 -7.0036 0.2812 0.125 0.3804 -0.9217 0.0757
-54.3861 83.147 -10.3764 0.2812 0.1875 0.549 -0.8286 0.1092
-51.2245 83.147 -20.7986 0.3125 0.1875 0.5172 -0.8286 0.2142
-51.2245 83.147 -20.7986 0.3125 0.1875 0.5172 -0.8286 0.2142
-35.2519 92.3879 -14.1825 0.3125 0.125 0.3584 -0.9217 0.1484
-37.4296 92.3879 -7.0036 0.2812 0.125 0.3804 -0.9217 0.0757
-35.2519 92.3879 -14.1825 0.3125 0.125 0.3584 -0.9217 0.1484
-51.2245 83.147 -20.7986 0.3125 0.1875 0.5172 -0.8286 0.2142
-46.0905 83.147 -30.4036 0.3437 0.1875 0.4654 -0.8286 0.311
-46.0905 83.147 -30.4036 0.3437 0.1875 0.4654 -0.8286 0.311
-31.7155 92.3879 -20.7986 0.3437 0.125 0.3225 -0.9217 0.2155
-35.2519 92.3879 -14.1825 0.3125 0.125 0.3584 -0.9217 0.1484
-31.7155 92.3879 -20.7986 0.3437 0.125 0.3225 -0.9217 0.2155
-46.0905 83.147 -30.4036 0.3437 0.1875 0.4654 -0.8286 0.311
-39.1813 83.147 -38.8226 0.375 0.1875 0.3958 -0.8286 0.3958
-39.1813 83.147 -38.8226 0.375 0.1875 0.3958 -0.8286 0.3958
-26.9563 92.3879 -26.5976 0.375 0.125 0.2743 -0.9217 0.2743
-31.7155 92.3879 -20.7986 0.3437 0.125 0.3225 -0.9217 0.2155
-26.9563 92.3879 -26.5976 0.375 0.125 0.2743 -0.9217 0.2743
-39.1813 83.147 -38.8226 0.375 0.1875 0.3958 -0.8286 0.3958
-30.7623 83.147 -45.7318 0.4063 0.1875 0.311 -0.8286 0.4654
-30.7623 83.147 -45.7318 0.4063 0.1875 0.311 -0.8286 0.4654
-21.1573 92.3879 -31.3568 0.4063 0.125 0.2155 -0.9217 0.3225
-26.9563 92.3879 -26.5976 0.375 0.125 0.2743 -0.9217 0.2743
-21.1573 92.3879 -31.3568 0.4063 0.125 0.2155 -0.9217 0.3225
-30.7623 83.147 -45.7318 0.4063 0.1875 0.311 -0.8286 0.4654
-21.1573 83.147 -50.8658 0.4375 0.1875 0.2142 -0.8286 0.5172
-21.1573 83.147 -50.8658 0.4375 0.1875 0.2142 -0.8286 0.5172
-14.5412 92.3879 -34.8931 0.4375 0.125 0.1484 -0.9217 0.3584
-21.1573 92.3879 -31.3568 0.4063 0.125 0.2155 -0.9217 0.3225
-14.5412 92.3879 -34.8931 0.4375 0.125 0.1484 -0.9217 0.3584
-21.1573 83.147 -50.8658 0.4375 0.1875 0.2142 -0.8286 0.5172
-10.7351 83.147 -54.0273 0.4688 0.1875 0.1092 -0.8286 0.549
-10.7351 83.147 -54.0273 0.4688 0.1875 0.1092 -0.8286 0.549
-7.3623 92.3879 -37.0708 0.4688 0.125 0.0757 -0.9217 0.3804
-14.5412 92.3879 -34.8931 0.4375 0.125 0.1484 -0.9217 0.3584
-7.3623 92.3879 -37.0708 0.4688 0.125 0.0757 -0.9217 0.3804
-10.7351 83.147 -54.0273 0.4688 0.1875 0.1092 -0.8286 0.549
0.1035 83.147 -55.0948 0.5 0.1875 -0 -0.8286 0.5598
0.1035 83.147 -55.0948 0.5 0.1875 -0 -0.8286 0.5598
0.1035 92.3879 -37.8061 0.5 0.125 -0 -0.9217 0.3879
-7.3623 92.3879 -37.0708 0.4688 0.125 0.0757 -0.9217 0.3804
0.1035 92.3879 -37.8061 0.5 0.125 -0 -0.9217 0.3879
0.1035 83.147 -55.0948 0.5 0.1875 -0 -0.8286 0.5598
10.9422 83.147 -54.0273 0.5313 0.1875 -0.1092 -0.8286 0.549
10.9422 83.147 -54.0273 0.5313 0.1875 -0.1092 -0.8286 0.549
7.5693 92.3879 -37.0708 0.5313 0.125 -0.0757 -0.9217 0.3804
0.1035 92.3879 -37.8061 0.5 0.125 -0 -0.9217 0.3879
7.5693 92.3879 -37.0708 0.5313 0.125 -0.0757 -0.9217 0.3804
10.9422 83.147 -54.0273 0.5313 0.1875 -0.1092 -0.8286 0.549
21.3643 83.147 -50.8658 0.5625 0.1875 -0.2142 -0.8286 0.5172
21.3643 83.147 -50.8658 0.5625 0.1875 -0.2142 -0.8286 0.5172
14.7482 92.3879 -34.8931 0.5625 0.125 -0.1484 -0.9217 0.3584
7.5693 92.3879 -37.0708 0.5313 0.125 -0.0757 -0.9217 0.3804
14.7482 92.3879 -34.8931 0.5625 0.125 -0.1484 -0.9217 0.3584
21.3643 83.147 -50.8658 0.5625 0.1875 -0.2142 -0.8286 0.5172
30.9693 83.147 -45.7317 0.5938 0.1875 -0.311 -0.8286 0.4654
30.9693 83.147 -45.7317 0.5938 0.1875 -0.311 -0.8286 0.4654
21.3643 92.3879 -31.3567 0.5938 0.125 -0.2155 -0.9217 0.3225
14.7482 92.3879 -34.8931 0.5625 0.125 -0.1484 -0.9217 0.3584
21.3643 92.3879 -31.3567 0.5938 0.125 -0.2155 -0.9217 0.3225
30.9693 83.147 -45.7317 0.5938 0.1875 -0.311 -0.8286 0.4654
39.3883 83.147 -38.8225 0.625 0.1875 -0.3958 -0.8286 0.3958
39.3883 83.147 -38.8225 0.625 0.1875 -0.3958 -0.8286 0.3958
27.1633 92.3879 -26.5976 0.625 0.125 -0.2743 -0.9217 0.2743
21.3643 92.3879 -31.3567 0.5938 0.125 -0.2155 -0.9217 0.3225
27.1633 92.3879 -26.5976 0.625 0.125 -0.2743 -0.9217 0.2743
39.3883 83.147 -38.8225 0.625 0.1875 -0.3958 -0.8286 0.3958
46.2975 83.147 -30.4035 0.6563 0.1875 -0.4654 -0.8286 0.311
46.2975 83.147 -30.4035 0.6563 0.1875 -0.4654 -0.8286 0.311
31.9225 92.3879 -20.7985 0.6563 0.125 -0.3225 -0.9217 0.2155
27.1633 92.3879 -26.5976 0.625 0.125 -0.2743 -0.9217 0.2743
31.9225 92.3879 -20.7985 0.6563 0.125 -0.3225 -0.9217 0.2155
46.2975 83.147 -30.4035 0.6563 0.1875 -0.4654 -0.8286 0.311
51.4315 83.147 -20.7985 0.6875 0.1875 -0.5172 -0.8286 0.2142
51.4315 83.147 -20.7985 0.6875 0.1875 -0.5172 -0.8286 0.2142
35.4588 92.3879 -14.1824 0.6875 0.125 -0.3584 -0.9217 0.1484
31.9225 92.3879 -20.7985 0.6563 0.125 -0.3225 -0.9217 0.2155
35.4588 92.3879 -14.1824 0.6875 0.125 -0.3584 -0.9217 0.1484
51.4315 83.147 -20.7985 0.6875 0.1875 -0.5172 -0.8286 0.2142
54.593 83.147 -10.3763 0.7188 0.1875 -0.549 -0.8286 0.1092
54.593 83.147 -10.3763 0.7188 0.1875 -0.549 -0.8286 0.1092
37.6365 92.3879 -7.0035 0.7188 0.125 -0.3804 -0.9217 0.0757
35.4588 92.3879 -14.1824 0.6875 0.125 -0.3584 -0.9217 0.1484
37.6365 92.3879 -7.0035 0.7188 0.125 -0.3804 -0.9217 0.0757
54.593 83.147 -10.3763 0.7188 0.1875 -0.549 -0.8286 0.1092
55.6605 83.147 0.4623 0.75 0.1875 -0.5598 -0.8286 -0
55.6605 83.147 0.4623 0.75 0.1875 -0.5598 -0.8286 -0
38.3718 92.3879 0.4623 0.75 0.125 -0.3879 -0.9217 -0
37.6365 92.3879 -7.0035 0.7188 0.125 -0.3804 -0.9217 0.0757
38.3718 92.3879 0.4623 0.75 0.125 -0.3879 -0.9217 -0
55.6605 83.147 0.4623 0.75 0.1875 -0.5598 -0.8286 -0
54.593 83.147 11.3009 0.7813 0.1875 -0.549 -0.8286 -0.1092
54.593 83.147 11.3009 0.7813 0.1875 -0.549 -0.8286 -0.1092
37.6365 92.3879 7.9281 0.7813 0.125 -0.3804 -0.9217 -0.0757
38.3718 92.3879 0.4623 0.75 0.125 -0.3879 -0.9217 -0
37.6365 92.3879 7.9281 0.7813 0.125 -0.3804 -0.9217 -0.0757
54.593 83.147 11.3009 0.7813 0.1875 -0.549 -0.8286 -0.1092
51.4314 83.147 21.7231 0.8125 0.1875 -0.5172 -0.8286 -0.2142
51.4314 83.147 21.7231 0.8125 0.1875 -0.5172 -0.8286 -0.2142
35.4588 92.3879 15.1069 0.8125 0.125 -0.3584 -0.9217 -0.1484
37.6365 92.3879 7.9281 0.7813 0.125 -0.3804 -0.9217 -0.0757
35.4588 92.3879 15.1069 0.8125 0.125 -0.3584 -0.9217 -0.1484
51.4314 83.147 21.7231 0.8125 0.1875 -0.5172 -0.8286 -0.2142
46.2974 83.147 31.3281 0.8438 0.1875 -0.4654 -0.8286 -0.311
46.2974 83.147 31.3281 0.8438 0.1875 -0.4654 -0.8286 -0.311
31.9224 92.3879 21.723 0.8438 0.125 -0.3225 -0.9217 -0.2155
35.4588 92.3879 15.1069 0.8125 0.125 -0.3584 -0.9217 -0.1484
31.9224 92.3879 21.723 0.8438 0.125 -0.3225 -0.9217 -0.2155
46.2974 83.147 31.3281 0.8438 0.1875 -0.4654 -0.8286 -0.311
39.3881 83.147 39.747 0.875 0.1875 -0.3958 -0.8286 -0.3958
39.3881 83.147 39.747 0.875 0.1875 -0.3958 -0.8286 -0.3958
27.1632 92.3879 27.5221 0.875 0.125 -0.2743 -0.9217 -0.2743
31.9224 92.3879 21.723 0.8438 0.125 -0.3225 -0.9217 -0.2155
27.1632 92.3879 27.5221 0.875 0.125 -0.2743 -0.9217 -0.2743
39.3881 83.147 39.747 0.875 0.1875 -0.3958 -0.8286 -0.3958
30.9692 83.147 46.6563 0.9063 0.1875 -0.311 -0.8286 -0.4654
30.9692 83.147 46.6563 0.9063 0.1875 -0.311 -0.8286 -0.4654
21.3641 92.3879 32.2812 0.9063 0.125 -0.2155 -0.9217 -0.3225
27.1632 92.3879 27.5221 0.875 0.125 -0.2743 -0.9217 -0.2743
21.3641 92.3879 32.2812 0.9063 0.125 -0.2155 -0.9217 -0.3225
30.9692 83.147 46.6563 0.9063 0.1875 -0.311 -0.8286 -0.4654
21.3641 83.147 51.7903 0.9375 0.1875 -0.2142 -0.8286 -0.5172
21.3641 83.147 51.7903 0.9375 0.1875 -0.2142 -0.8286 -0.5172
14.748 92.3879 35.8176 0.9375 0.125 -0.1484 -0.9217 -0.3584
21.3641 92.3879 32.2812 0.9063 0.125 -0.2155 -0.9217 -0.3225
14.748 92.3879 35.8176 0.9375 0.125 -0.1484 -0.9217 -0.3584
21.3641 83.147 51.7903 0.9375 0.1875 -0.2142 -0.8286 -0.5172
10.942 83.147 54.9518 0.9688 0.1875 -0.1092 -0.8286 -0.549
10.942 83.147 54.9518 0.9688 0.1875 -0.1092 -0.8286 -0.549
7.5692 92.3879 37.9953 0.9688 0.125 -0.0757 -0.9217 -0.3804
14.748 92.3879 35.8176 0.9375 0.125 -0.1484 -0.9217 -0.3584
7.5692 92.3879 37.9953 0.9688 0.125 -0.0757 -0.9217 -0.3804
10.942 83.147 54.9518 0.9688 0.1875 -0.1092 -0.8286 -0.549
0.1035 83.147 56.0192 1 0.1875 0 -0.8286 -0.5598
0.1035 83.147 56.0192 1 0.1875 0 -0.8286 -0.5598
0.1035 92.3879 38.7306 1 0.125 0 -0.9217 -0.3879
7.5692 92.3879 37.9953 0.9688 0.125 -0.0757 -0.9217 -0.3804
0.1035 83.147 56.0192 0 0.1875 0 -0.8286 -0.5598
0.1035 70.7107 71.1729 0 0.25 0 -0.7041 -0.7101
-13.6915 70.7107 69.8142 0.0313 0.25 0.1385 -0.7041 -0.6965
-13.6915 70.7107 69.8142 0.0313 0.25 0.1385 -0.7041 -0.6965
-10.7352 83.147 54.9517 0.0313 0.1875 0.1092 -0.8286 -0.549
0.1035 83.147 56.0192 0 0.1875 0 -0.8286 -0.5598
-10.7352 83.147 54.9517 0.0313 0.1875 0.1092 -0.8286 -0.549
-13.6915 70.7107 69.8142 0.0313 0.25 0.1385 -0.7041 -0.6965
-26.9563 70.7107 65.7904 0.0625 0.25 0.2718 -0.7041 -0.6561
-26.9563 70.7107 65.7904 0.0625 0.25 0.2718 -0.7041 -0.6561
-21.1573 83.147 51.7902 0.0625 0.1875 0.2142 -0.8286 -0.5172
-10.7352 83.147 54.9517 0.0313 0.1875 0.1092 -0.8286 -0.549
-21.1573 83.147 51.7902 0.0625 0.1875 0.2142 -0.8286 -0.5172
-26.9563 70.7107 65.7904 0.0625 0.25 0.2718 -0.7041 -0.6561
-39.1813 70.7107 59.256 0.0938 0.25 0.3945 -0.7041 -0.5905
-39.1813 70.7107 59.256 0.0938 0.25 0.3945 -0.7041 -0.5905
-30.7624 83.147 46.6562 0.0938 0.1875 0.311 -0.8286 -0.4654
-21.1573 83.147 51.7902 0.0625 0.1875 0.2142 -0.8286 -0.5172
-30.7624 83.147 46.6562 0.0938 0.1875 0.311 -0.8286 -0.4654
-39.1813 70.7107 59.256 0.0938 0.25 0.3945 -0.7041 -0.5905
-49.8965 70.7107 50.4622 0.125 0.25 0.5021 -0.7041 -0.5021
-49.8965 70.7107 50.4622 0.125 0.25 0.5021 -0.7041 -0.5021
-39.1813 83.147 39.747 0.125 0.1875 0.3958 -0.8286 -0.3958
-30.7624 83.147 46.6562 0.0938 0.1875 0.311 -0.8286 -0.4654
-39.1813 83.147 39.747 0.125 0.1875 0.3958 -0.8286 -0.3958
-49.8965 70.7107 50.4622 0.125 0.25 0.5021 -0.7041 -0.5021
-58.6903 70.7107 39.747 0.1563 0.25 0.5905 -0.7041 -0.3945
-58.6903 70.7107 39.747 0.1563 0.25 0.5905 -0.7041 -0.3945
-46.0905 83.147 31.328 0.1563 0.1875 0.4654 -0.8286 -0.311
-39.1813 83.147 39.747 0.125 0.1875 0.3958 -0.8286 -0.3958
-46.0905 83.147 31.328 0.1563 0.1875 0.4654 -0.8286 -0.311
-58.6903 70.7107 39.747 0.1563 0.25 0.5905 -0.7041 -0.3945
-65.2247 70.7107 27.522 0.1875 0.25 0.6561 -0.7041 -0.2718
-65.2247 70.7107 27.522 0.1875 0.25 0.6561 -0.7041 -0.2718
-51.2245 83.147 21.723 0.1875 0.1875 0.5172 -0.8286 -0.2142
-46.0905 83.147 31.328 0.1563 0.1875 0.4654 -0.8286 -0.311
-51.2245 83.147 21.723 0.1875 0.1875 0.5172 -0.8286 -0.2142
-65.2247 70.7107 27.522 0.1875 0.25 0.6561 -0.7041 -0.2718
-69.2485 70.7107 14.2572 0.2187 0.25 0.6965 -0.7041 -0.1385
-69.2485 70.7107 14.2572 0.2187 0.25 0.6965 -0.7041 -0.1385
-54.3861 83.147 11.3008 0.2187 0.1875 0.549 -0.8286 -0.1092
-51.2245 83.147 21.723 0.1875 0.1875 0.5172 -0.8286 -0.2142
-54.3861 83.147 11.3008 0.2187 0.1875 0.549 -0.8286 -0.1092
-69.2485 70.7107 14.2572 0.2187 0.25 0.6965 -0.7041 -0.1385
-70.6072 70.7107 0.4622 0.25 0.25 0.7101 -0.7041 0
-70.6072 70.7107 0.4622 0.25 0.25 0.7101 -0.7041 0
-55.4536 83.147 0.4622 0.25 0.1875 0.5598 -0.8286 0
-54.3861 83.147 11.3008 0.2187 0.1875 0.549 -0.8286 -0.1092
-55.4536 83.147 0.4622 0.25 0.1875 0.5598 -0.8286 0
-70.6072 70.7107 0.4622 0.25 0.25 0.7101 -0.7041 0
-69.2485 70.7107 -13.3328 0.2812 0.25 0.6965 -0.7041 0.1385
-69.2485 70.7107 -13.3328 0.2812 0.25 0.6965 -0.7041 0.1385
-54.3861 83.147 -10.3764 0.2812 0.1875 0.549 -0.8286 0.1092
-55.4536 83.147 0.4622 0.25 0.1875 0.5598 -0.8286 0
-54.3861 83.147 -10.3764 0.2812 0.1875 0.549 -0.8286 0.1092
-69.2485 70.7107 -13.3328 0.2812 0.25 0.6965 -0.7041 0.1385
-65.2247 70.7107 -26.5976 0.3125 0.25 0.6561 -0.7041 0.2718
-65.2247 70.7107 -26.5976 0.3125 0.25 0.6561 -0.7041 0.2718
-51.2245 83.147 -20.7986 0.3125 0.1875 0.5172 -0.8286 0.2142
-54.3861 83.147 -10.3764 0.2812 0.1875 0.549 -0.8286 0.1092
-51.2245 83.147 -20.7986 0.3125 0.1875 0.5172 -0.8286 0.2142
-65.2247 70.7107 -26.5976 0.3125 0.25 0.6561 -0.7041 0.2718
-58.6903 70.7107 -38.8226 0.3437 0.25 0.5905 -0.7041 0.3945
-58.6903 70.7107 -38.8226 0.3437 0.25 0.5905 -0.7041 0.3945
-46.0905 83.147 -30.4036 0.3437 0.1875 0.4654 -0.8286 0.311
-51.2245 83.147 -20.7986 0.3125 0.1875 0.5172 -0.8286 0.2142
-46.0905 83.147 -30.4036 0.3437 0.1875 0.4654 -0.8286 0.311
-58.6903 70.7107 -38.8226 0.3437 0.25 0.5905 -0.7041 0.3945
-49.8965 70.7107 -49.5378 0.375 0.25 0.5021 -0.7041 0.5021
-49.8965 70.7107 -49.5378 0.375 0.25 0.5021 -0.7041 0.5021
-39.1813 83.147 -38.8226 0.375 0.1875 0.3958 -0.8286 0.3958
-46.0905 83.147 -30.4036 0.3437 0.1875 0.4654 -0.8286 0.311
-39.1813 83.147 -38.8226 0.375 0.1875 0.3958 -0.8286 0.3958
-49.8965 70.7107 -49.5378 0.375 0.25 0.5021 -0.7041 0.5021
-39.1812 70.7107 -58.3316 0.4063 0.25 0.3945 -0.7041 0.5905
-39.1812 70.7107 -58.3316 0.4063 0.25 0.3945 -0.7041 0.5905
-30.7623 83.147 -45.7318 0.4063 0.1875 0.311 -0.8286 0.4654
-39.1813 83.147 -38.8226 0.375 0.1875 0.3958 -0.8286 0.3958
-30.7623 83.147 -45.7318 0.4063 0.1875 0.311 -0.8286 0.4654
-39.1812 70.7107 -58.3316 0.4063 0.25 0.3945 -0.7041 0.5905
-26.9563 70.7107 -64.866 0.4375 0.25 0.2718 -0.7041 0.6561
-26.9563 70.7107 -64.866 0.4375 0.25 0.2718 -0.7041 0.6561
-21.1573 83.147 -50.8658 0.4375 0.1875 0.2142 -0.8286 0.5172
-30.7623 83.147 -45.7318 0.4063 0.1875 0.311 -0.8286 0.4654
-21.1573 83.147 -50.8658 0.4375 0.1875 0.2142 -0.8286 0.5172
-26.9563 70.7107 -64.866 0.4375 0.25 0.2718 -0.7041 0.6561
-13.6914 70.7107 -68.8898 0.4688 0.25 0.1385 -0.7041 0.6965
-13.6914 70.7107 -68.8898 0.4688 0.25 0.1385 -0.7041 0.6965
-10.7351 83.147 -54.0273 0.4688 0.1875 0.1092 -0.8286 0.549
-21.1573 83.147 -50.8658 0.4375 0.1875 0.2142 -0.8286 0.5172
-10.7351 83.147 -54.0273 0.4688 0.1875 0.1092 -0.8286 0.549
-13.6914 70.7107 -68.8898 0.4688 0.25 0.1385 -0.7041 0.6965
0.1035 70.7107 -70.2485 0.5 0.25 -0 -0.7041 0.7101
0.1035 70.7107 -70.2485 0.5 0.25 -0 -0.7041 0.7101
0.1035 83.147 -55.0948 0.5 0.1875 -0 -0.8286 0.5598
-10.7351 83.147 -54.0273 0.4688 0.1875 0.1092 -0.8286 0.549
0.1035 83.147 -55.0948 0.5 0.1875 -0 -0.8286 0.5598
0.1035 70.7107 -70.2485 0.5 0.25 -0 -0.7041 0.7101
13.8985 70.7107 -68.8898 0.5313 0.25 -0.1385 -0.7041 0.6965
13.8985 70.7107 -68.8898 0.5313 0.25 -0.1385 -0.7041 0.6965
10.9422 83.147 -54.0273 0.5313 0.1875 -0.1092 -0.8286 0.549
0.1035 83.147 -55.0948 0.5 0.1875 -0 -0.8286 0.5598
10.9422 83.147 -54.0273 0.5313 0.1875 -0.1092 -0.8286 0.549
13.8985 70.7107 -68.8898 0.5313 0.25 -0.1385 -0.7041 0.6965
27.1633 70.7107 -64.8659 0.5625 0.25 -0.2718 -0.7041 0.6561
27.1633 70.7107 -64.8659 0.5625 0.25 -0.2718 -0.7041 0.6561
21.3643 83.147 -50.8658 0.5625 0.1875 -0.2142 -0.8286 0.5172
10.9422 83.147 -54.0273 0.5313 0.1875 -0.1092 -0.8286 0.549
21.3643 83.147 -50.8658 0.5625 0.1875 -0.2142 -0.8286 0.5172
27.1633 70.7107 -64.8659 0.5625 0.25 -0.2718 -0.7041 0.6561
39.3883 70.7107 -58.3315 0.5938 0.25 -0.3945 -0.7041 0.5905
39.3883 70.7107 -58.3315 0.5938 0.25 -0.3945 -0.7041 0.5905
30.9693 83.147 -45.7317 0.5938 0.1875 -0.311 -0.8286 0.4654
21.3643 83.147 -50.8658 0.5625 0.1875 -0.2142 -0.8286 0.5172
30.9693 83.147 -45.7317 0.5938 0.1875 -0.311 -0.8286 0.4654
39.3883 70.7107 -58.3315 0.5938 0.25 -0.3945 -0.7041 0.5905
50.1035 70.7107 -49.5377 0.625 0.25 -0.5021 -0.7041 0.5021
50.1035 70.7107 -49.5377 0.625 0.25 -0.5021 -0.7041 0.5021
39.3883 83.147 -38.8225 0.625 0.1875 -0.3958 -0.8286 0.3958
30.9693 83.147 -45.7317 0.5938 0.1875 -0.311 -0.8286 0.4654
39.3883 83.147 -38.8225 0.625 0.1875 -0.3958 -0.8286 0.3958
50.1035 70.7107 -49.5377 0.625 0.25 -0.5021 -0.7041 0.5021
58.8973 70.7107 -38.8224 0.6563 0.25 -0.5905 -0.7041 0.3945
58.8973 70.7107 -38.8224 0.6563 0.25 -0.5905 -0.7041 0.3945
46.2975 83.147 -30.4035 0.6563 0.1875 -0.4654 -0.8286 0.311
39.3883 83.147 -38.8225 0.625 0.1875 -0.3958 -0.8286 0.3958
46.2975 83.147 -30.4035 0.6563 0.1875 -0.4654 -0.8286 0.311
58.8973 70.7107 -38.8224 0.6563 0.25 -0.5905 -0.7041 0.3945
65.4316 70.7107 -26.5975 0.6875 0.25 -0.6561 -0.7041 0.2718
65.4316 70.7107 -26.5975 0.6875 0.25 -0.6561 -0.7041 0.2718
51.4315 83.147 -20.7985 0.6875 0.1875 -0.5172 -0.8286 0.2142
46.2975 83.147 -30.4035 0.6563 0.1875 -0.4654 -0.8286 0.311
51.4315 83.147 -20.7985 0.6875 0.1875 -0.5172 -0.8286 0.2142
65.4316 70.7107 -26.5975 0.6875 0.25 -0.6561 -0.7041 0.2718
69.4555 70.7107 -13.3326 0.7188 0.25 -0.6965 -0.7041 0.1385
69.4555 70.7107 -13.3326 0.7188 0.25 -0.6965 -0.7041 0.1385
54.593 83.147 -10.3763 0.7188 0.1875 -0.549 -0.8286 0.1092
51.4315 83.147 -20.7985 0.6875 0.1875 -0.5172 -0.8286 0.2142
54.593 83.147 -10.3763 0.7188 0.1875 -0.549 -0.8286 0.1092
69.4555 70.7107 -13.3326 0.7188 0.25 -0.6965 -0.7041 0.1385
70.8141 70.7107 0.4623 0.75 0.25 -0.7101 -0.7041 -0
70.8141 70.7107 0.4623 0.75 0.25 -0.7101 -0.7041 -0
55.6605 83.147 0.4623 0.75 0.1875 -0.5598 -0.8286 -0
54.593 83.147 -10.3763 0.7188 0.1875 -0.549 -0.8286 0.1092
55.6605 83.147 0.4623 0.75 0.1875 -0.5598 -0.8286 -0
70.8141 70.7107 0.4623 0.75 0.25 -0.7101 -0.7041 -0
69.4554 70.7107 14.2573 0.7813 0.25 -0.6965 -0.7041 -0.1385
69.4554 70.7107 14.2573 0.7813 0.25 -0.6965 -0.7041 -0.1385
54.593 83.147 11.3009 0.7813 0.1875 -0.549 -0.8286 -0.1092
55.6605 83.147 0.4623 0.75 0.1875 -0.5598 -0.8286 -0
54.593 83.147 11.3009 0.7813 0.1875 -0.549 -0.8286 -0.1092
69.4554 70.7107 14.2573 0.7813 0.25 -0.6965 -0.7041 -0.1385
65.4316 70.7107 27.5221 0.8125 0.25 -0.6561 -0.7041 -0.2718
65.4316 70.7107 27.5221 0.8125 0.25 -0.6561 -0.7041 -0.2718
51.4314 83.147 21.7231 0.8125 0.1875 -0.5172 -0.8286 -0.2142
54.593 83.147 11.3009 0.7813 0.1875 -0.549 -0.8286 -0.1092
51.4314 83.147 21.7231 0.8125 0.1875 -0.5172 -0.8286 -0.2142
65.4316 70.7107 27.5221 0.8125 0.25 -0.6561 -0.7041 -0.2718
58.8972 70.7107 39.7471 0.8438 0.25 -0.5905 -0.7041 -0.3945
58.8972 70.7107 39.7471 0.8438 0.25 -0.5905 -0.7041 -0.3945
46.2974 83.147 31.3281 0.8438 0.1875 -0.4654 -0.8286 -0.311
51.4314 83.147 21.7231 0.8125 0.1875 -0.5172 -0.8286 -0.2142
46.2974 83.147 31.3281 0.8438 0.1875 -0.4654 -0.8286 -0.311
58.8972 70.7107 39.7471 0.8438 0.25 -0.5905 -0.7041 -0.3945
50.1034 70.7107 50.4623 0.875 0.25 -0.5021 -0.7041 -0.5021
50.1034 70.7107 50.4623 0.875 0.25 -0.5021 -0.7041 -0.5021
39.3881 83.147 39.747 0.875 0.1875 -0.3958 -0.8286 -0.3958
46.2974 83.147 31.3281 0.8438 0.1875 -0.4654 -0.8286 -0.311
39.3881 83.147 39.747 0.875 0.1875 -0.3958 -0.8286 -0.3958
50.1034 70.7107 50.4623 0.875 0.25 -0.5021 -0.7041 -0.5021
39.3881 70.7107 59.2561 0.9063 0.25 -0.3945 -0.7041 -0.5905
39.3881 70.7107 59.2561 0.9063 0.25 -0.3945 -0.7041 -0.5905
30.9692 83.147 46.6563 0.9063 0.1875 -0.311 -0.8286 -0.4654
39.3881 83.147 39.747 0.875 0.1875 -0.3958 -0.8286 -0.3958
30.9692 83.147 46.6563 0.9063 0.1875 -0.311 -0.8286 -0.4654
39.3881 70.7107 59.2561 0.9063 0.25 -0.3945 -0.7041 -0.5905
27.1631 70.7107 65.7904 0.9375 0.25 -0.2718 -0.7041 -0.6561
27.1631 70.7107 65.7904 0.9375 0.25 -0.2718 -0.7041 -0.6561
21.3641 83.147 51.7903 0.9375 0.1875 -0.2142 -0.8286 -0.5172
30.9692 83.147 46.6563 0.9063 0.1875 -0.311 -0.8286 -0.4654
21.3641 83.147 51.7903 0.9375 0.1875 -0.2142 -0.8286 -0.5172
27.1631 70.7107 65.7904 0.9375 0.25 -0.2718 -0.7041 -0.6561
13.8983 70.7107 69.8142 0.9688 0.25 -0.1385 -0.7041 -0.6965
13.8983 70.7107 69.8142 0.9688 0.25 -0.1385 -0.7041 -0.6965
10.942 83.147 54.9518 0.9688 0.1875 -0.1092 -0.8286 -0.549
21.3641 83.147 51.7903 0.9375 0.1875 -0.2142 -0.8286 -0.5172
10.942 83.147 54.9518 0.9688 0.1875 -0.1092 -0.8286 -0.549
13.8983 70.7107 69.8142 0.9688 0.25 -0.1385 -0.7041 -0.6965
0.1035 70.7107 71.1729 1 0.25 0 -0.7041 -0.7101
0.1035 70.7107 71.1729 1 0.25 0 -0.7041 -0.7101
0.1035 83.147 56.0192 1 0.1875 0 -0.8286 -0.5598
10.942 83.147 54.9518 0.9688 0.1875 -0.1092 -0.8286 -0.549
0.1035 70.7107 71.1729 0 0.25 0 -0.7041 -0.7101
0.1035 55.557 83.6092 0 0.3125 0 -0.5528 -0.8333
-16.1177 55.557 82.0115 0.0313 0.3125 0.1626 -0.5528 -0.8173
-16.1177 55.557 82.0115 0.0313 0.3125 0.1626 -0.5528 -0.8173
-13.6915 70.7107 69.8142 0.0313 0.25 0.1385 -0.7041 -0.6965
0.1035 70.7107 71.1729 0 0.25 0 -0.7041 -0.7101
-13.6915 70.7107 69.8142 0.0313 0.25 0.1385 -0.7041 -0.6965
-16.1177 55.557 82.0115 0.0313 0.3125 0.1626 -0.5528 -0.8173
-31.7155 55.557 77.28 0.0625 0.3125 0.3189 -0.5528 -0.7699
-31.7155 55.557 77.28 0.0625 0.3125 0.3189 -0.5528 -0.7699
-26.9563 70.7107 65.7904 0.0625 0.25 0.2718 -0.7041 -0.6561
-13.6915 70.7107 69.8142 0.0313 0.25 0.1385 -0.7041 -0.6965
-26.9563 70.7107 65.7904 0.0625 0.25 0.2718 -0.7041 -0.6561
-31.7155 55.557 77.28 0.0625 0.3125 0.3189 -0.5528 -0.7699
-46.0905 55.557 69.5964 0.0938 0.3125 0.463 -0.5528 -0.6929
-46.0905 55.557 69.5964 0.0938 0.3125 0.463 -0.5528 -0.6929
-39.1813 70.7107 59.256 0.0938 0.25 0.3945 -0.7041 -0.5905
-26.9563 70.7107 65.7904 0.0625 0.25 0.2718 -0.7041 -0.6561
-39.1813 70.7107 59.256 0.0938 0.25 0.3945 -0.7041 -0.5905
-46.0905 55.557 69.5964 0.0938 0.3125 0.463 -0.5528 -0.6929
-58.6903 55.557 59.256 0.125 0.3125 0.5893 -0.5528 -0.5893
-58.6903 55.557 59.256 0.125 0.3125 0.5893 -0.5528 -0.5893
-49.8965 70.7107 50.4622 0.125 0.25 0.5021 -0.7041 -0.5021
-39.1813 70.7107 59.256 0.0938 0.25 0.3945 -0.7041 -0.5905
-49.8965 70.7107 50.4622 0.125 0.25 0.5021 -0.7041 -0.5021
-58.6903 55.557 59.256 0.125 0.3125 0.5893 -0.5528 -0.5893
-69.0307 55.557 46.6562 0.1563 0.3125 0.6929 -0.5528 -0.463
-69.0307 55.557 46.6562 0.1563 0.3125 0.6929 -0.5528 -0.463
-58.6903 70.7107 39.747 0.1563 0.25 0.5905 -0.7041 -0.3945
-49.8965 70.7107 50.4622 0.125 0.25 0.5021 -0.7041 -0.5021
-58.6903 70.7107 39.747 0.1563 0.25 0.5905 -0.7041 -0.3945
-69.0307 55.557 46.6562 0.1563 0.3125 0.6929 -0.5528 -0.463
-76.7143 55.557 32.2812 0.1875 0.3125 0.7699 -0.5528 -0.3189
-76.7143 55.557 32.2812 0.1875 0.3125 0.7699 -0.5528 -0.3189
-65.2247 70.7107 27.522 0.1875 0.25 0.6561 -0.7041 -0.2718
-58.6903 70.7107 39.747 0.1563 0.25 0.5905 -0.7041 -0.3945
-65.2247 70.7107 27.522 0.1875 0.25 0.6561 -0.7041 -0.2718
-76.7143 55.557 32.2812 0.1875 0.3125 0.7699 -0.5528 -0.3189
-81.4459 55.557 16.6834 0.2187 0.3125 0.8173 -0.5528 -0.1626
-81.4459 55.557 16.6834 0.2187 0.3125 0.8173 -0.5528 -0.1626
-69.2485 70.7107 14.2572 0.2187 0.25 0.6965 -0.7041 -0.1385
-65.2247 70.7107 27.522 0.1875 0.25 0.6561 -0.7041 -0.2718
-69.2485 70.7107 14.2572 0.2187 0.25 0.6965 -0.7041 -0.1385
-81.4459 55.557 16.6834 0.2187 0.3125 0.8173 -0.5528 -0.1626
-83.0435 55.557 0.4622 0.25 0.3125 0.8333 -0.5528 0
-83.0435 55.557 0.4622 0.25 0.3125 0.8333 -0.5528 0
-70.6072 70.7107 0.4622 0.25 0.25 0.7101 -0.7041 0
-69.2485 70.7107 14.2572 0.2187 0.25 0.6965 -0.7041 -0.1385
-70.6072 70.7107 0.4622 0.25 0.25 0.7101 -0.7041 0
-83.0435 55.557 0.4622 0.25 0.3125 0.8333 -0.5528 0
-81.4458 55.557 -15.759 0.2812 0.3125 0.8173 -0.5528 0.1626
-81.4458 55.557 -15.759 0.2812 0.3125 0.8173 -0.5528 0.1626
-69.2485 70.7107 -13.3328 0.2812 0.25 0.6965 -0.7041 0.1385
-70.6072 70.7107 0.4622 0.25 0.25 0.7101 -0.7041 0
-69.2485 70.7107 -13.3328 0.2812 0.25 0.6965 -0.7041 0.1385
-81.4458 55.557 -15.759 0.2812 0.3125 0.8173 -0.5528 0.1626
-76.7143 55.557 -31.3568 0.3125 0.3125 0.7699 -0.5528 0.3189
-76.7143 55.557 -31.3568 0.3125 0.3125 0.7699 -0.5528 0.3189
-65.2247 70.7107 -26.5976 0.3125 0.25 0.6561 -0.7041 0.2718
-69.2485 70.7107 -13.3328 0.2812 0.25 0.6965 -0.7041 0.1385
-65.2247 70.7107 -26.5976 0.3125 0.25 0.6561 -0.7041 0.2718
-76.7143 55.557 -31.3568 0.3125 0.3125 0.7699 -0.5528 0.3189
-69.0307 55.557 -45.7318 0.3437 0.3125 0.6929 -0.5528 0.463
-69.0307 55.557 -45.7318 0.3437 0.3125 0.6929 -0.5528 0.463
-58.6903 70.7107 -38.8226 0.3437 0.25 0.5905 -0.7041 0.3945
-65.2247 70.7107 -26.5976 0.3125 0.25 0.6561 -0.7041 0.2718
-58.6903 70.7107 -38.8226 0.3437 0.25 0.5905 -0.7041 0.3945
-69.0307 55.557 -45.7318 0.3437 0.3125 0.6929 -0.5528 0.463
-58.6903 55.557 -58.3316 0.375 0.3125 0.5893 -0.5528 0.5893
-58.6903 55.557 -58.3316 0.375 0.3125 0.5893 -0.5528 0.5893
-49.8965 70.7107 -49.5378 0.375 0.25 0.5021 -0.7041 0.5021
-58.6903 70.7107 -38.8226 0.3437 0.25 0.5905 -0.7041 0.3945
-49.8965 70.7107 -49.5378 0.375 0.25 0.5021 -0.7041 0.5021
-58.6903 55.557 -58.3316 0.375 0.3125 0.5893 -0.5528 0.5893
-46.0905 55.557 -68.672 0.4063 0.3125 0.463 -0.5528 0.6929
-46.0905 55.557 -68.672 0.4063 0.3125 0.463 -0.5528 0.6929
-39.1812 70.7107 -58.3316 0.4063 0.25 0.3945 -0.7041 0.5905
-49.8965 70.7107 -49.5378 0.375 0.25 0.5021 -0.7041 0.5021
-39.1812 70.7107 -58.3316 0.4063 0.25 0.3945 -0.7041 0.5905
-46.0905 55.557 -68.672 0.4063 0.3125 0.463 -0.5528 0.6929
-31.7154 55.557 -76.3556 0.4375 0.3125 0.3189 -0.5528 0.7699
-31.7154 55.557 -76.3556 0.4375 0.3125 0.3189 -0.5528 0.7699
-26.9563 70.7107 -64.866 0.4375 0.25 0.2718 -0.7041 0.6561
-39.1812 70.7107 -58.3316 0.4063 0.25 0.3945 -0.7041 0.5905
-26.9563 70.7107 -64.866 0.4375 0.25 0.2718 -0.7041 0.6561
-31.7154 55.557 -76.3556 0.4375 0.3125 0.3189 -0.5528 0.7699
-16.1176 55.557 -81.0871 0.4688 0.3125 0.1626 -0.5528 0.8173
-16.1176 55.557 -81.0871 0.4688 0.3125 0.1626 -0.5528 0.8173
-13.6914 70.7107 -68.8898 0.4688 0.25 0.1385 -0.7041 0.6965
-26.9563 70.7107 -64.866 0.4375 0.25 0.2718 -0.7041 0.6561
-13.6914 70.7107 -68.8898 0.4688 0.25 0.1385 -0.7041 0.6965
-16.1176 55.557 -81.0871 0.4688 0.3125 0.1626 -0.5528 0.8173
0.1035 55.557 -82.6847 0.5 0.3125 -0 -0.5528 0.8333
0.1035 55.557 -82.6847 0.5 0.3125 -0 -0.5528 0.8333
0.1035 70.7107 -70.2485 0.5 0.25 -0 -0.7041 0.7101
-13.6914 70.7107 -68.8898 0.4688 0.25 0.1385 -0.7041 0.6965
0.1035 70.7107 -70.2485 0.5 0.25 -0 -0.7041 0.7101
0.1035 55.557 -82.6847 0.5 0.3125 -0 -0.5528 0.8333
16.3247 55.557 -81.0871 0.5313 0.3125 -0.1626 -0.5528 0.8173
16.3247 55.557 -81.0871 0.5313 0.3125 -0.1626 -0.5528 0.8173
13.8985 70.7107 -68.8898 0.5313 0.25 -0.1385 -0.7041 0.6965
0.1035 70.7107 -70.2485 0.5 0.25 -0 -0.7041 0.7101
13.8985 70.7107 -68.8898 0.5313 0.25 -0.1385 -0.7041 0.6965
16.3247 55.557 -81.0871 0.5313 0.3125 -0.1626 -0.5528 0.8173
31.9225 55.557 -76.3555 0.5625 0.3125 -0.3189 -0.5528 0.7699
31.9225 55.557 -76.3555 0.5625 0.3125 -0.3189 -0.5528 0.7699
27.1633 70.7107 -64.8659 0.5625 0.25 -0.2718 -0.7041 0.6561
13.8985 70.7107 -68.8898 0.5313 0.25 -0.1385 -0.7041 0.6965
27.1633 70.7107 -64.8659 0.5625 0.25 -0.2718 -0.7041 0.6561
31.9225 55.557 -76.3555 0.5625 0.3125 -0.3189 -0.5528 0.7699
46.2975 55.557 -68.6719 0.5938 0.3125 -0.463 -0.5528 0.6929
46.2975 55.557 -68.6719 0.5938 0.3125 -0.463 -0.5528 0.6929
39.3883 70.7107 -58.3315 0.5938 0.25 -0.3945 -0.7041 0.5905
27.1633 70.7107 -64.8659 0.5625 0.25 -0.2718 -0.7041 0.6561
39.3883 70.7107 -58.3315 0.5938 0.25 -0.3945 -0.7041 0.5905
46.2975 55.557 -68.6719 0.5938 0.3125 -0.463 -0.5528 0.6929
58.8973 55.557 -58.3315 0.625 0.3125 -0.5893 -0.5528 0.5893
58.8973 55.557 -58.3315 0.625 0.3125 -0.5893 -0.5528 0.5893
50.1035 70.7107 -49.5377 0.625 0.25 -0.5021 -0.7041 0.5021
39.3883 70.7107 -58.3315 0.5938 0.25 -0.3945 -0.7041 0.5905
50.1035 70.7107 -49.5377 0.625 0.25 -0.5021 -0.7041 0.5021
58.8973 55.557 -58.3315 0.625 0.3125 -0.5893 -0.5528 0.5893
69.2377 55.557 -45.7317 0.6563 0.3125 -0.6929 -0.5528 0.463
69.2377 55.557 -45.7317 0.6563 0.3125 -0.6929 -0.5528 0.463
58.8973 70.7107 -38.8224 0.6563 0.25 -0.5905 -0.7041 0.3945
50.1035 70.7107 -49.5377 0.625 0.25 -0.5021 -0.7041 0.5021
58.8973 70.7107 -38.8224 0.6563 0.25 -0.5905 -0.7041 0.3945
69.2377 55.557 -45.7317 0.6563 0.3125 -0.6929 -0.5528 0.463
76.9213 55.557 -31.3566 0.6875 0.3125 -0.7699 -0.5528 0.3189
76.9213 55.557 -31.3566 0.6875 0.3125 -0.7699 -0.5528 0.3189
65.4316 70.7107 -26.5975 0.6875 0.25 -0.6561 -0.7041 0.2718
58.8973 70.7107 -38.8224 0.6563 0.25 -0.5905 -0.7041 0.3945
65.4316 70.7107 -26.5975 0.6875 0.25 -0.6561 -0.7041 0.2718
76.9213 55.557 -31.3566 0.6875 0.3125 -0.7699 -0.5528 0.3189
81.6528 55.557 -15.7588 0.7188 0.3125 -0.8173 -0.5528 0.1626
81.6528 55.557 -15.7588 0.7188 0.3125 -0.8173 -0.5528 0.1626
69.4555 70.7107 -13.3326 0.7188 0.25 -0.6965 -0.7041 0.1385
65.4316 70.7107 -26.5975 0.6875 0.25 -0.6561 -0.7041 0.2718
69.4555 70.7107 -13.3326 0.7188 0.25 -0.6965 -0.7041 0.1385
81.6528 55.557 -15.7588 0.7188 0.3125 -0.8173 -0.5528 0.1626
83.2504 55.557 0.4624 0.75 0.3125 -0.8333 -0.5528 -0
83.2504 55.557 0.4624 0.75 0.3125 -0.8333 -0.5528 -0
70.8141 70.7107 0.4623 0.75 0.25 -0.7101 -0.7041 -0
69.4555 70.7107 -13.3326 0.7188 0.25 -0.6965 -0.7041 0.1385
70.8141 70.7107 0.4623 0.75 0.25 -0.7101 -0.7041 -0
83.2504 55.557 0.4624 0.75 0.3125 -0.8333 -0.5528 -0
81.6528 55.557 16.6835 0.7813 0.3125 -0.8173 -0.5528 -0.1626
81.6528 55.557 16.6835 0.7813 0.3125 -0.8173 -0.5528 -0.1626
69.4554 70.7107 14.2573 0.7813 0.25 -0.6965 -0.7041 -0.1385
70.8141 70.7107 0.4623 0.75 0.25 -0.7101 -0.7041 -0
69.4554 70.7107 14.2573 0.7813 0.25 -0.6965 -0.7041 -0.1385
81.6528 55.557 16.6835 0.7813 0.3125 -0.8173 -0.5528 -0.1626
76.9212 55.557 32.2813 0.8125 0.3125 -0.7699 -0.5528 -0.3189
76.9212 55.557 32.2813 0.8125 0.3125 -0.7699 -0.5528 -0.3189
65.4316 70.7107 27.5221 0.8125 0.25 -0.6561 -0.7041 -0.2718
69.4554 70.7107 14.2573 0.7813 0.25 -0.6965 -0.7041 -0.1385
65.4316 70.7107 27.5221 0.8125 0.25 -0.6561 -0.7041 -0.2718
76.9212 55.557 32.2813 0.8125 0.3125 -0.7699 -0.5528 -0.3189
69.2375 55.557 46.6563 0.8438 0.3125 -0.6929 -0.5528 -0.463
69.2375 55.557 46.6563 0.8438 0.3125 -0.6929 -0.5528 -0.463
58.8972 70.7107 39.7471 0.8438 0.25 -0.5905 -0.7041 -0.3945
65.4316 70.7107 27.5221 0.8125 0.25 -0.6561 -0.7041 -0.2718
58.8972 70.7107 39.7471 0.8438 0.25 -0.5905 -0.7041 -0.3945
69.2375 55.557 46.6563 0.8438 0.3125 -0.6929 -0.5528 -0.463
58.8971 55.557 59.2561 0.875 0.3125 -0.5893 -0.5528 -0.5893
58.8971 55.557 59.2561 0.875 0.3125 -0.5893 -0.5528 -0.5893
50.1034 70.7107 50.4623 0.875 0.25 -0.5021 -0.7041 -0.5021
58.8972 70.7107 39.7471 0.8438 0.25 -0.5905 -0.7041 -0.3945
50.1034 70.7107 50.4623 0.875 0.25 -0.5021 -0.7041 -0.5021
58.8971 55.557 59.2561 0.875 0.3125 -0.5893 -0.5528 -0.5893
46.2973 55.557 69.5965 0.9063 0.3125 -0.463 -0.5528 -0.6929
46.2973 55.557 69.5965 0.9063 0.3125 -0.463 -0.5528 -0.6929
39.3881 70.7107 59.2561 0.9063 0.25 -0.3945 -0.7041 -0.5905
50.1034 70.7107 50.4623 0.875 0.25 -0.5021 -0.7041 -0.5021
39.3881 70.7107 59.2561 0.9063 0.25 -0.3945 -0.7041 -0.5905
46.2973 55.557 69.5965 0.9063 0.3125 -0.463 -0.5528 -0.6929
31.9223 55.557 77.2801 0.9375 0.3125 -0.3189 -0.5528 -0.7699
31.9223 55.557 77.2801 0.9375 0.3125 -0.3189 -0.5528 -0.7699
27.1631 70.7107 65.7904 0.9375 0.25 -0.2718 -0.7041 -0.6561
39.3881 70.7107 59.2561 0.9063 0.25 -0.3945 -0.7041 -0.5905
27.1631 70.7107 65.7904 0.9375 0.25 -0.2718 -0.7041 -0.6561
31.9223 55.557 77.2801 0.9375 0.3125 -0.3189 -0.5528 -0.7699
16.3244 55.557 82.0116 0.9688 0.3125 -0.1626 -0.5528 -0.8173
16.3244 55.557 82.0116 0.9688 0.3125 -0.1626 -0.5528 -0.8173
13.8983 70.7107 69.8142 0.9688 0.25 -0.1385 -0.7041 -0.6965
27.1631 70.7107 65.7904 0.9375 0.25 -0.2718 -0.7041 -0.6561
13.8983 70.7107 69.8142 0.9688 0.25 -0.1385 -0.7041 -0.6965
16.3244 55.557 82.0116 0.9688 0.3125 -0.1626 -0.5528 -0.8173
0.1035 55.557 83.6092 1 0.3125 0 -0.5528 -0.8333
0.1035 55.557 83.6092 1 0.3125 0 -0.5528 -0.8333
0.1035 70.7107 71.1729 1 0.25 0 -0.7041 -0.7101
13.8983 70.7107 69.8142 0.9688 0.25 -0.1385 -0.7041 -0.6965
0.1035 55.557 83.6092 0 0.3125 0 -0.5528 -0.8333
0.1035 38.2683 92.8502 0 0.375 0 -0.3805 -0.9248
-17.9205 38.2683 91.075 0.0313 0.375 0.1804 -0.3805 -0.907
-17.9205 38.2683 91.075 0.0313 0.375 0.1804 -0.3805 -0.907
-16.1177 55.557 82.0115 0.0313 0.3125 0.1626 -0.5528 -0.8173
0.1035 55.557 83.6092 0 0.3125 0 -0.5528 -0.8333
-16.1177 55.557 82.0115 0.0313 0.3125 0.1626 -0.5528 -0.8173
-17.9205 38.2683 91.075 0.0313 0.375 0.1804 -0.3805 -0.907
-35.2519 38.2683 85.8176 0.0625 0.375 0.3539 -0.3805 -0.8544
-35.2519 38.2683 85.8176 0.0625 0.375 0.3539 -0.3805 -0.8544
-31.7155 55.557 77.28 0.0625 0.3125 0.3189 -0.5528 -0.7699
-16.1177 55.557 82.0115 0.0313 0.3125 0.1626 -0.5528 -0.8173
-31.7155 55.557 77.28 0.0625 0.3125 0.3189 -0.5528 -0.7699
-35.2519 38.2683 85.8176 0.0625 0.375 0.3539 -0.3805 -0.8544
-51.2245 38.2683 77.28 0.0938 0.375 0.5138 -0.3805 -0.7689
-51.2245 38.2683 77.28 0.0938 0.375 0.5138 -0.3805 -0.7689
-46.0905 55.557 69.5964 0.0938 0.3125 0.463 -0.5528 -0.6929
-31.7155 55.557 77.28 0.0625 0.3125 0.3189 -0.5528 -0.7699
-46.0905 55.557 69.5964 0.0938 0.3125 0.463 -0.5528 -0.6929
-51.2245 38.2683 77.28 0.0938 0.375 0.5138 -0.3805 -0.7689
-65.2247 38.2683 65.7904 0.125 0.375 0.6539 -0.3805 -0.6539
-65.2247 38.2683 65.7904 0.125 0.375 0.6539 -0.3805 -0.6539
-58.6903 55.557 59.256 0.125 0.3125 0.5893 -0.5528 -0.5893
-46.0905 55.557 69.5964 0.0938 0.3125 0.463 -0.5528 -0.6929
-58.6903 55.557 59.256 0.125 0.3125 0.5893 -0.5528 -0.5893
-65.2247 38.2683 65.7904 0.125 0.375 0.6539 -0.3805 -0.6539
-76.7143 38.2683 51.7902 0.1563 0.375 0.7689 -0.3805 -0.5138
-76.7143 38.2683 51.7902 0.1563 0.375 0.7689 -0.3805 -0.5138
-69.0307 55.557 46.6562 0.1563 0.3125 0.6929 -0.5528 -0.463
-58.6903 55.557 59.256 0.125 0.3125 0.5893 -0.5528 -0.5893
-69.0307 55.557 46.6562 0.1563 0.3125 0.6929 -0.5528 -0.463
-76.7143 38.2683 51.7902 0.1563 0.375 0.7689 -0.3805 -0.5138
-85.2519 38.2683 35.8175 0.1875 0.375 0.8544 -0.3805 -0.3539
-85.2519 38.2683 35.8175 0.1875 0.375 0.8544 -0.3805 -0.3539
-76.7143 55.557 32.2812 0.1875 0.3125 0.7699 -0.5528 -0.3189
-69.0307 55.557 46.6562 0.1563 0.3125 0.6929 -0.5528 -0.463
-76.7143 55.557 32.2812 0.1875 0.3125 0.7699 -0.5528 -0.3189
-85.2519 38.2683 35.8175 0.1875 0.375 0.8544 -0.3805 -0.3539
-90.5093 38.2683 18.4862 0.2187 0.375 0.907 -0.3805 -0.1804
-90.5093 38.2683 18.4862 0.2187 0.375 0.907 -0.3805 -0.1804
-81.4459 55.557 16.6834 0.2187 0.3125 0.8173 -0.5528 -0.1626
-76.7143 55.557 32.2812 0.1875 0.3125 0.7699 -0.5528 -0.3189
-81.4459 55.557 16.6834 0.2187 0.3125 0.8173 -0.5528 -0.1626
-90.5093 38.2683 18.4862 0.2187 0.375 0.907 -0.3805 -0.1804
-92.2845 38.2683 0.4622 0.25 0.375 0.9248 -0.3805 0
-92.2845 38.2683 0.4622 0.25 0.375 0.9248 -0.3805 0
-83.0435 55.557 0.4622 0.25 0.3125 0.8333 -0.5528 0
-81.4459 55.557 16.6834 0.2187 0.3125 0.8173 -0.5528 -0.1626
-83.0435 55.557 0.4622 0.25 0.3125 0.8333 -0.5528 0
-92.2845 38.2683 0.4622 0.25 0.375 0.9248 -0.3805 0
-90.5093 38.2683 -17.5618 0.2812 0.375 0.907 -0.3805 0.1804
-90.5093 38.2683 -17.5618 0.2812 0.375 0.907 -0.3805 0.1804
-81.4458 55.557 -15.759 0.2812 0.3125 0.8173 -0.5528 0.1626
-83.0435 55.557 0.4622 0.25 0.3125 0.8333 -0.5528 0
-81.4458 55.557 -15.759 0.2812 0.3125 0.8173 -0.5528 0.1626
-90.5093 38.2683 -17.5618 0.2812 0.375 0.907 -0.3805 0.1804
-85.2519 38.2683 -34.8932 0.3125 0.375 0.8544 -0.3805 0.3539
-85.2519 38.2683 -34.8932 0.3125 0.375 0.8544 -0.3805 0.3539
-76.7143 55.557 -31.3568 0.3125 0.3125 0.7699 -0.5528 0.3189
-81.4458 55.557 -15.759 0.2812 0.3125 0.8173 -0.5528 0.1626
-76.7143 55.557 -31.3568 0.3125 0.3125 0.7699 -0.5528 0.3189
-85.2519 38.2683 -34.8932 0.3125 0.375 0.8544 -0.3805 0.3539
-76.7143 38.2683 -50.8658 0.3437 0.375 0.7689 -0.3805 0.5138
-76.7143 38.2683 -50.8658 0.3437 0.375 0.7689 -0.3805 0.5138
-69.0307 55.557 -45.7318 0.3437 0.3125 0.6929 -0.5528 0.463
-76.7143 55.557 -31.3568 0.3125 0.3125 0.7699 -0.5528 0.3189
-69.0307 55.557 -45.7318 0.3437 0.3125 0.6929 -0.5528 0.463
-76.7143 38.2683 -50.8658 0.3437 0.375 0.7689 -0.3805 0.5138
-65.2246 38.2683 -64.866 0.375 0.375 0.6539 -0.3805 0.6539
-65.2246 38.2683 -64.866 0.375 0.375 0.6539 -0.3805 0.6539
-58.6903 55.557 -58.3316 0.375 0.3125 0.5893 -0.5528 0.5893
-69.0307 55.557 -45.7318 0.3437 0.3125 0.6929 -0.5528 0.463
-58.6903 55.557 -58.3316 0.375 0.3125 0.5893 -0.5528 0.5893
-65.2246 38.2683 -64.866 0.375 0.375 0.6539 -0.3805 0.6539
-51.2245 38.2683 -76.3556 0.4063 0.375 0.5138 -0.3805 0.7689
-51.2245 38.2683 -76.3556 0.4063 0.375 0.5138 -0.3805 0.7689
-46.0905 55.557 -68.672 0.4063 0.3125 0.463 -0.5528 0.6929
-58.6903 55.557 -58.3316 0.375 0.3125 0.5893 -0.5528 0.5893
-46.0905 55.557 -68.672 0.4063 0.3125 0.463 -0.5528 0.6929
-51.2245 38.2683 -76.3556 0.4063 0.375 0.5138 -0.3805 0.7689
-35.2518 38.2683 -84.8931 0.4375 0.375 0.3539 -0.3805 0.8544
-35.2518 38.2683 -84.8931 0.4375 0.375 0.3539 -0.3805 0.8544
-31.7154 55.557 -76.3556 0.4375 0.3125 0.3189 -0.5528 0.7699
-46.0905 55.557 -68.672 0.4063 0.3125 0.463 -0.5528 0.6929
-31.7154 55.557 -76.3556 0.4375 0.3125 0.3189 -0.5528 0.7699
-35.2518 38.2683 -84.8931 0.4375 0.375 0.3539 -0.3805 0.8544
-17.9205 38.2683 -90.1505 0.4688 0.375 0.1804 -0.3805 0.907
-17.9205 38.2683 -90.1505 0.4688 0.375 0.1804 -0.3805 0.907
-16.1176 55.557 -81.0871 0.4688 0.3125 0.1626 -0.5528 0.8173
-31.7154 55.557 -76.3556 0.4375 0.3125 0.3189 -0.5528 0.7699
-16.1176 55.557 -81.0871 0.4688 0.3125 0.1626 -0.5528 0.8173
-17.9205 38.2683 -90.1505 0.4688 0.375 0.1804 -0.3805 0.907
0.1035 38.2683 -91.9257 0.5 0.375 -0 -0.3805 0.9248
0.1035 38.2683 -91.9257 0.5 0.375 -0 -0.3805 0.9248
0.1035 55.557 -82.6847 0.5 0.3125 -0 -0.5528 0.8333
-16.1176 55.557 -81.0871 0.4688 0.3125 0.1626 -0.5528 0.8173
0.1035 55.557 -82.6847 0.5 0.3125 -0 -0.5528 0.8333
0.1035 38.2683 -91.9257 0.5 0.375 -0 -0.3805 0.9248
18.1275 38.2683 -90.1505 0.5313 0.375 -0.1804 -0.3805 0.907
18.1275 38.2683 -90.1505 0.5313 0.375 -0.1804 -0.3805 0.907
16.3247 55.557 -81.0871 0.5313 0.3125 -0.1626 -0.5528 0.8173
0.1035 55.557 -82.6847 0.5 0.3125 -0 -0.5528 0.8333
16.3247 55.557 -81.0871 0.5313 0.3125 -0.1626 -0.5528 0.8173
18.1275 38.2683 -90.1505 0.5313 0.375 -0.1804 -0.3805 0.907
35.4589 38.2683 -84.8931 0.5625 0.375 -0.3539 -0.3805 0.8544
35.4589 38.2683 -84.8931 0.5625 0.375 -0.3539 -0.3805 0.8544
31.9225 55.557 -76.3555 0.5625 0.3125 -0.3189 -0.5528 0.7699
16.3247 55.557 -81.0871 0.5313 0.3125 -0.1626 -0.5528 0.8173
31.9225 55.557 -76.3555 0.5625 0.3125 -0.3189 -0.5528 0.7699
35.4589 38.2683 -84.8931 0.5625 0.375 -0.3539 -0.3805 0.8544
51.4315 38.2683 -76.3555 0.5938 0.375 -0.5138 -0.3805 0.7689
51.4315 38.2683 -76.3555 0.5938 0.375 -0.5138 -0.3805 0.7689
46.2975 55.557 -68.6719 0.5938 0.3125 -0.463 -0.5528 0.6929
31.9225 55.557 -76.3555 0.5625 0.3125 -0.3189 -0.5528 0.7699
46.2975 55.557 -68.6719 0.5938 0.3125 -0.463 -0.5528 0.6929
51.4315 38.2683 -76.3555 0.5938 0.375 -0.5138 -0.3805 0.7689
65.4317 38.2683 -64.8658 0.625 0.375 -0.6539 -0.3805 0.6539
65.4317 38.2683 -64.8658 0.625 0.375 -0.6539 -0.3805 0.6539
58.8973 55.557 -58.3315 0.625 0.3125 -0.5893 -0.5528 0.5893
46.2975 55.557 -68.6719 0.5938 0.3125 -0.463 -0.5528 0.6929
58.8973 55.557 -58.3315 0.625 0.3125 -0.5893 -0.5528 0.5893
65.4317 38.2683 -64.8658 0.625 0.375 -0.6539 -0.3805 0.6539
76.9213 38.2683 -50.8657 0.6563 0.375 -0.7689 -0.3805 0.5138
76.9213 38.2683 -50.8657 0.6563 0.375 -0.7689 -0.3805 0.5138
69.2377 55.557 -45.7317 0.6563 0.3125 -0.6929 -0.5528 0.463
58.8973 55.557 -58.3315 0.625 0.3125 -0.5893 -0.5528 0.5893
69.2377 55.557 -45.7317 0.6563 0.3125 -0.6929 -0.5528 0.463
76.9213 38.2683 -50.8657 0.6563 0.375 -0.7689 -0.3805 0.5138
85.4588 38.2683 -34.893 0.6875 0.375 -0.8544 -0.3805 0.3539
85.4588 38.2683 -34.893 0.6875 0.375 -0.8544 -0.3805 0.3539
76.9213 55.557 -31.3566 0.6875 0.3125 -0.7699 -0.5528 0.3189
69.2377 55.557 -45.7317 0.6563 0.3125 -0.6929 -0.5528 0.463
76.9213 55.557 -31.3566 0.6875 0.3125 -0.7699 -0.5528 0.3189
85.4588 38.2683 -34.893 0.6875 0.375 -0.8544 -0.3805 0.3539
90.7162 38.2683 -17.5616 0.7188 0.375 -0.907 -0.3805 0.1804
90.7162 38.2683 -17.5616 0.7188 0.375 -0.907 -0.3805 0.1804
81.6528 55.557 -15.7588 0.7188 0.3125 -0.8173 -0.5528 0.1626
76.9213 55.557 -31.3566 0.6875 0.3125 -0.7699 -0.5528 0.3189
81.6528 55.557 -15.7588 0.7188 0.3125 -0.8173 -0.5528 0.1626
90.7162 38.2683 -17.5616 0.7188 0.375 -0.907 -0.3805 0.1804
92.4914 38.2683 0.4624 0.75 0.375 -0.9248 -0.3805 -0
92.4914 38.2683 0.4624 0.75 0.375 -0.9248 -0.3805 -0
83.2504 55.557 0.4624 0.75 0.3125 -0.8333 -0.5528 -0
81.6528 55.557 -15.7588 0.7188 0.3125 -0.8173 -0.5528 0.1626
83.2504 55.557 0.4624 0.75 0.3125 -0.8333 -0.5528 -0
92.4914 38.2683 0.4624 0.75 0.375 -0.9248 -0.3805 -0
90.7162 38.2683 18.4864 0.7813 0.375 -0.907 -0.3805 -0.1804
90.7162 38.2683 18.4864 0.7813 0.375 -0.907 -0.3805 -0.1804
81.6528 55.557 16.6835 0.7813 0.3125 -0.8173 -0.5528 -0.1626
83.2504 55.557 0.4624 0.75 0.3125 -0.8333 -0.5528 -0
81.6528 55.557 16.6835 0.7813 0.3125 -0.8173 -0.5528 -0.1626
90.7162 38.2683 18.4864 0.7813 0.375 -0.907 -0.3805 -0.1804
85.4587 38.2683 35.8177 0.8125 0.375 -0.8544 -0.3805 -0.3539
85.4587 38.2683 35.8177 0.8125 0.375 -0.8544 -0.3805 -0.3539
76.9212 55.557 32.2813 0.8125 0.3125 -0.7699 -0.5528 -0.3189
81.6528 55.557 16.6835 0.7813 0.3125 -0.8173 -0.5528 -0.1626
76.9212 55.557 32.2813 0.8125 0.3125 -0.7699 -0.5528 -0.3189
85.4587 38.2683 35.8177 0.8125 0.375 -0.8544 -0.3805 -0.3539
76.9211 38.2683 51.7904 0.8438 0.375 -0.7689 -0.3805 -0.5138
76.9211 38.2683 51.7904 0.8438 0.375 -0.7689 -0.3805 -0.5138
69.2375 55.557 46.6563 0.8438 0.3125 -0.6929 -0.5528 -0.463
76.9212 55.557 32.2813 0.8125 0.3125 -0.7699 -0.5528 -0.3189
69.2375 55.557 46.6563 0.8438 0.3125 -0.6929 -0.5528 -0.463
76.9211 38.2683 51.7904 0.8438 0.375 -0.7689 -0.3805 -0.5138
65.4315 38.2683 65.7905 0.875 0.375 -0.6539 -0.3805 -0.6539
65.4315 38.2683 65.7905 0.875 0.375 -0.6539 -0.3805 -0.6539
58.8971 55.557 59.2561 0.875 0.3125 -0.5893 -0.5528 -0.5893
69.2375 55.557 46.6563 0.8438 0.3125 -0.6929 -0.5528 -0.463
58.8971 55.557 59.2561 0.875 0.3125 -0.5893 -0.5528 -0.5893
65.4315 38.2683 65.7905 0.875 0.375 -0.6539 -0.3805 -0.6539
51.4313 38.2683 77.2801 0.9063 0.375 -0.5138 -0.3805 -0.7689
51.4313 38.2683 77.2801 0.9063 0.375 -0.5138 -0.3805 -0.7689
46.2973 55.557 69.5965 0.9063 0.3125 -0.463 -0.5528 -0.6929
58.8971 55.557 59.2561 0.875 0.3125 -0.5893 -0.5528 -0.5893
46.2973 55.557 69.5965 0.9063 0.3125 -0.463 -0.5528 -0.6929
51.4313 38.2683 77.2801 0.9063 0.375 -0.5138 -0.3805 -0.7689
35.4586 38.2683 85.8176 0.9375 0.375 -0.3539 -0.3805 -0.8544
35.4586 38.2683 85.8176 0.9375 0.375 -0.3539 -0.3805 -0.8544
31.9223 55.557 77.2801 0.9375 0.3125 -0.3189 -0.5528 -0.7699
46.2973 55.557 69.5965 0.9063 0.3125 -0.463 -0.5528 -0.6929
31.9223 55.557 77.2801 0.9375 0.3125 -0.3189 -0.5528 -0.7699
35.4586 38.2683 85.8176 0.9375 0.375 -0.3539 -0.3805 -0.8544
18.1273 38.2683 91.075 0.9688 0.375 -0.1804 -0.3805 -0.907
18.1273 38.2683 91.075 0.9688 0.375 -0.1804 -0.3805 -0.907
16.3244 55.557 82.0116 0.9688 0.3125 -0.1626 -0.5528 -0.8173
31.9223 55.557 77.2801 0.9375 0.3125 -0.3189 -0.5528 -0.7699
16.3244 55.557 82.0116 0.9688 0.3125 -0.1626 -0.5528 -0.8173
18.1273 38.2683 91.075 0.9688 0.375 -0.1804 -0.3805 -0.907
0.1035 38.2683 92.8502 1 0.375 0 -0.3805 -0.9248
0.1035 38.2683 92.8502 1 0.375 0 -0.3805 -0.9248
0.1035 55.557 83.6092 1 0.3125 0 -0.5528 -0.8333
16.3244 55.557 82.0116 0.9688 0.3125 -0.1626 -0.5528 -0.8173
0.1035 38.2683 92.8502 0 0.375 0 -0.3805 -0.9248
0.1035 19.509 98.5407 0 0.4375 0 -0.1939 -0.981
-19.0307 19.509 96.6562 0.0313 0.4375 0.1914 -0.1939 -0.9622
-19.0307 19.509 96.6562 0.0313 0.4375 0.1914 -0.1939 -0.9622
-17.9205 38.2683 91.075 0.0313 0.375 0.1804 -0.3805 -0.907
0.1035 38.2683 92.8502 0 0.375 0 -0.3805 -0.9248
-17.9205 38.2683 91.075 0.0313 0.375 0.1804 -0.3805 -0.907
-19.0307 19.509 96.6562 0.0313 0.4375 0.1914 -0.1939 -0.9622
-37.4296 19.509 91.075 0.0625 0.4375 0.3754 -0.1939 -0.9063
-37.4296 19.509 91.075 0.0625 0.4375 0.3754 -0.1939 -0.9063
-35.2519 38.2683 85.8176 0.0625 0.375 0.3539 -0.3805 -0.8544
-17.9205 38.2683 91.075 0.0313 0.375 0.1804 -0.3805 -0.907
-35.2519 38.2683 85.8176 0.0625 0.375 0.3539 -0.3805 -0.8544
-37.4296 19.509 91.075 0.0625 0.4375 0.3754 -0.1939 -0.9063
-54.386 19.509 82.0115 0.0938 0.4375 0.545 -0.1939 -0.8157
-54.386 19.509 82.0115 0.0938 0.4375 0.545 -0.1939 -0.8157
-51.2245 38.2683 77.28 0.0938 0.375 0.5138 -0.3805 -0.7689
-35.2519 38.2683 85.8176 0.0625 0.375 0.3539 -0.3805 -0.8544
-51.2245 38.2683 77.28 0.0938 0.375 0.5138 -0.3805 -0.7689
-54.386 19.509 82.0115 0.0938 0.4375 0.545 -0.1939 -0.8157
-69.2485 19.509 69.8142 0.125 0.4375 0.6937 -0.1939 -0.6937
-69.2485 19.509 69.8142 0.125 0.4375 0.6937 -0.1939 -0.6937
-65.2247 38.2683 65.7904 0.125 0.375 0.6539 -0.3805 -0.6539
-51.2245 38.2683 77.28 0.0938 0.375 0.5138 -0.3805 -0.7689
-65.2247 38.2683 65.7904 0.125 0.375 0.6539 -0.3805 -0.6539
-69.2485 19.509 69.8142 0.125 0.4375 0.6937 -0.1939 -0.6937
-81.4459 19.509 54.9517 0.1563 0.4375 0.8157 -0.1939 -0.545
-81.4459 19.509 54.9517 0.1563 0.4375 0.8157 -0.1939 -0.545
-76.7143 38.2683 51.7902 0.1563 0.375 0.7689 -0.3805 -0.5138
-65.2247 38.2683 65.7904 0.125 0.375 0.6539 -0.3805 -0.6539
-76.7143 38.2683 51.7902 0.1563 0.375 0.7689 -0.3805 -0.5138
-81.4459 19.509 54.9517 0.1563 0.4375 0.8157 -0.1939 -0.545
-90.5093 19.509 37.9952 0.1875 0.4375 0.9063 -0.1939 -0.3754
-90.5093 19.509 37.9952 0.1875 0.4375 0.9063 -0.1939 -0.3754
-85.2519 38.2683 35.8175 0.1875 0.375 0.8544 -0.3805 -0.3539
-76.7143 38.2683 51.7902 0.1563 0.375 0.7689 -0.3805 -0.5138
-85.2519 38.2683 35.8175 0.1875 0.375 0.8544 -0.3805 -0.3539
-90.5093 19.509 37.9952 0.1875 0.4375 0.9063 -0.1939 -0.3754
-96.0905 19.509 19.5964 0.2187 0.4375 0.9622 -0.1939 -0.1914
-96.0905 19.509 19.5964 0.2187 0.4375 0.9622 -0.1939 -0.1914
-90.5093 38.2683 18.4862 0.2187 0.375 0.907 -0.3805 -0.1804
-85.2519 38.2683 35.8175 0.1875 0.375 0.8544 -0.3805 -0.3539
-90.5093 38.2683 18.4862 0.2187 0.375 0.907 -0.3805 -0.1804
-96.0905 19.509 19.5964 0.2187 0.4375 0.9622 -0.1939 -0.1914
-97.9751 19.509 0.4622 0.25 0.4375 0.981 -0.1939 0
-97.9751 19.509 0.4622 0.25 0.4375 0.981 -0.1939 0
-92.2845 38.2683 0.4622 0.25 0.375 0.9248 -0.3805 0
-90.5093 38.2683 18.4862 0.2187 0.375 0.907 -0.3805 -0.1804
-92.2845 38.2683 0.4622 0.25 0.375 0.9248 -0.3805 0
-97.9751 19.509 0.4622 0.25 0.4375 0.981 -0.1939 0
-96.0905 19.509 -18.672 0.2812 0.4375 0.9622 -0.1939 0.1914
-96.0905 19.509 -18.672 0.2812 0.4375 0.9622 -0.1939 0.1914
-90.5093 38.2683 -17.5618 0.2812 0.375 0.907 -0.3805 0.1804
-92.2845 38.2683 0.4622 0.25 0.375 0.9248 -0.3805 0
-90.5093 38.2683 -17.5618 0.2812 0.375 0.907 -0.3805 0.1804
-96.0905 19.509 -18.672 0.2812 0.4375 0.9622 -0.1939 0.1914
-90.5093 19.509 -37.0709 0.3125 0.4375 0.9063 -0.1939 0.3754
-90.5093 19.509 -37.0709 0.3125 0.4375 0.9063 -0.1939 0.3754
-85.2519 38.2683 -34.8932 0.3125 0.375 0.8544 -0.3805 0.3539
-90.5093 38.2683 -17.5618 0.2812 0.375 0.907 -0.3805 0.1804
-85.2519 38.2683 -34.8932 0.3125 0.375 0.8544 -0.3805 0.3539
-90.5093 19.509 -37.0709 0.3125 0.4375 0.9063 -0.1939 0.3754
-81.4458 19.509 -54.0273 0.3437 0.4375 0.8157 -0.1939 0.545
-81.4458 19.509 -54.0273 0.3437 0.4375 0.8157 -0.1939 0.545
-76.7143 38.2683 -50.8658 0.3437 0.375 0.7689 -0.3805 0.5138
-85.2519 38.2683 -34.8932 0.3125 0.375 0.8544 -0.3805 0.3539
-76.7143 38.2683 -50.8658 0.3437 0.375 0.7689 -0.3805 0.5138
-81.4458 19.509 -54.0273 0.3437 0.4375 0.8157 -0.1939 0.545
-69.2485 19.509 -68.8898 0.375 0.4375 0.6937 -0.1939 0.6937
-69.2485 19.509 -68.8898 0.375 0.4375 0.6937 -0.1939 0.6937
-65.2246 38.2683 -64.866 0.375 0.375 0.6539 -0.3805 0.6539
-76.7143 38.2683 -50.8658 0.3437 0.375 0.7689 -0.3805 0.5138
-65.2246 38.2683 -64.866 0.375 0.375 0.6539 -0.3805 0.6539
-69.2485 19.509 -68.8898 0.375 0.4375 0.6937 -0.1939 0.6937
-54.386 19.509 -81.0871 0.4063 0.4375 0.545 -0.1939 0.8157
-54.386 19.509 -81.0871 0.4063 0.4375 0.545 -0.1939 0.8157
-51.2245 38.2683 -76.3556 0.4063 0.375 0.5138 -0.3805 0.7689
-65.2246 38.2683 -64.866 0.375 0.375 0.6539 -0.3805 0.6539
-51.2245 38.2683 -76.3556 0.4063 0.375 0.5138 -0.3805 0.7689
-54.386 19.509 -81.0871 0.4063 0.4375 0.545 -0.1939 0.8157
-37.4295 19.509 -90.1506 0.4375 0.4375 0.3754 -0.1939 0.9063
-37.4295 19.509 -90.1506 0.4375 0.4375 0.3754 -0.1939 0.9063
-35.2518 38.2683 -84.8931 0.4375 0.375 0.3539 -0.3805 0.8544
-51.2245 38.2683 -76.3556 0.4063 0.375 0.5138 -0.3805 0.7689
-35.2518 38.2683 -84.8931 0.4375 0.375 0.3539 -0.3805 0.8544
-37.4295 19.509 -90.1506 0.4375 0.4375 0.3754 -0.1939 0.9063
-19.0306 19.509 -95.7318 0.4688 0.4375 0.1914 -0.1939 0.9622
-19.0306 19.509 -95.7318 0.4688 0.4375 0.1914 -0.1939 0.9622
-17.9205 38.2683 -90.1505 0.4688 0.375 0.1804 -0.3805 0.907
-35.2518 38.2683 -84.8931 0.4375 0.375 0.3539 -0.3805 0.8544
-17.9205 38.2683 -90.1505 0.4688 0.375 0.1804 -0.3805 0.907
-19.0306 19.509 -95.7318 0.4688 0.4375 0.1914 -0.1939 0.9622
0.1036 19.509 -97.6163 0.5 0.4375 -0 -0.1939 0.981
0.1036 19.509 -97.6163 0.5 0.4375 -0 -0.1939 0.981
0.1035 38.2683 -91.9257 0.5 0.375 -0 -0.3805 0.9248
-17.9205 38.2683 -90.1505 0.4688 0.375 0.1804 -0.3805 0.907
0.1035 38.2683 -91.9257 0.5 0.375 -0 -0.3805 0.9248
0.1036 19.509 -97.6163 0.5 0.4375 -0 -0.1939 0.981
19.2377 19.509 -95.7317 0.5313 0.4375 -0.1914 -0.1939 0.9622
19.2377 19.509 -95.7317 0.5313 0.4375 -0.1914 -0.1939 0.9622
18.1275 38.2683 -90.1505 0.5313 0.375 -0.1804 -0.3805 0.907
0.1035 38.2683 -91.9257 0.5 0.375 -0 -0.3805 0.9248
18.1275 38.2683 -90.1505 0.5313 0.375 -0.1804 -0.3805 0.907
19.2377 19.509 -95.7317 0.5313 0.4375 -0.1914 -0.1939 0.9622
37.6366 19.509 -90.1505 0.5625 0.4375 -0.3754 -0.1939 0.9063
37.6366 19.509 -90.1505 0.5625 0.4375 -0.3754 -0.1939 0.9063
35.4589 38.2683 -84.8931 0.5625 0.375 -0.3539 -0.3805 0.8544
18.1275 38.2683 -90.1505 0.5313 0.375 -0.1804 -0.3805 0.907
35.4589 38.2683 -84.8931 0.5625 0.375 -0.3539 -0.3805 0.8544
37.6366 19.509 -90.1505 0.5625 0.4375 -0.3754 -0.1939 0.9063
54.5931 19.509 -81.087 0.5938 0.4375 -0.545 -0.1939 0.8157
54.5931 19.509 -81.087 0.5938 0.4375 -0.545 -0.1939 0.8157
51.4315 38.2683 -76.3555 0.5938 0.375 -0.5138 -0.3805 0.7689
35.4589 38.2683 -84.8931 0.5625 0.375 -0.3539 -0.3805 0.8544
51.4315 38.2683 -76.3555 0.5938 0.375 -0.5138 -0.3805 0.7689
54.5931 19.509 -81.087 0.5938 0.4375 -0.545 -0.1939 0.8157
69.4555 19.509 -68.8897 0.625 0.4375 -0.6937 -0.1939 0.6937
69.4555 19.509 -68.8897 0.625 0.4375 -0.6937 -0.1939 0.6937
65.4317 38.2683 -64.8658 0.625 0.375 -0.6539 -0.3805 0.6539
51.4315 38.2683 -76.3555 0.5938 0.375 -0.5138 -0.3805 0.7689
65.4317 38.2683 -64.8658 0.625 0.375 -0.6539 -0.3805 0.6539
69.4555 19.509 -68.8897 0.625 0.4375 -0.6937 -0.1939 0.6937
81.6528 19.509 -54.0272 0.6563 0.4375 -0.8157 -0.1939 0.545
81.6528 19.509 -54.0272 0.6563 0.4375 -0.8157 -0.1939 0.545
76.9213 38.2683 -50.8657 0.6563 0.375 -0.7689 -0.3805 0.5138
65.4317 38.2683 -64.8658 0.625 0.375 -0.6539 -0.3805 0.6539
76.9213 38.2683 -50.8657 0.6563 0.375 -0.7689 -0.3805 0.5138
81.6528 19.509 -54.0272 0.6563 0.4375 -0.8157 -0.1939 0.545
90.7162 19.509 -37.0707 0.6875 0.4375 -0.9063 -0.1939 0.3754
90.7162 19.509 -37.0707 0.6875 0.4375 -0.9063 -0.1939 0.3754
85.4588 38.2683 -34.893 0.6875 0.375 -0.8544 -0.3805 0.3539
76.9213 38.2683 -50.8657 0.6563 0.375 -0.7689 -0.3805 0.5138
85.4588 38.2683 -34.893 0.6875 0.375 -0.8544 -0.3805 0.3539
90.7162 19.509 -37.0707 0.6875 0.4375 -0.9063 -0.1939 0.3754
96.2975 19.509 -18.6718 0.7188 0.4375 -0.9622 -0.1939 0.1914
96.2975 19.509 -18.6718 0.7188 0.4375 -0.9622 -0.1939 0.1914
90.7162 38.2683 -17.5616 0.7188 0.375 -0.907 -0.3805 0.1804
85.4588 38.2683 -34.893 0.6875 0.375 -0.8544 -0.3805 0.3539
90.7162 38.2683 -17.5616 0.7188 0.375 -0.907 -0.3805 0.1804
96.2975 19.509 -18.6718 0.7188 0.4375 -0.9622 -0.1939 0.1914
98.182 19.509 0.4624 0.75 0.4375 -0.981 -0.1939 -0
98.182 19.509 0.4624 0.75 0.4375 -0.981 -0.1939 -0
92.4914 38.2683 0.4624 0.75 0.375 -0.9248 -0.3805 -0
90.7162 38.2683 -17.5616 0.7188 0.375 -0.907 -0.3805 0.1804
92.4914 38.2683 0.4624 0.75 0.375 -0.9248 -0.3805 -0
98.182 19.509 0.4624 0.75 0.4375 -0.981 -0.1939 -0
96.2974 19.509 19.5966 0.7813 0.4375 -0.9622 -0.1939 -0.1914
96.2974 19.509 19.5966 0.7813 0.4375 -0.9622 -0.1939 -0.1914
90.7162 38.2683 18.4864 0.7813 0.375 -0.907 -0.3805 -0.1804
92.4914 38.2683 0.4624 0.75 0.375 -0.9248 -0.3805 -0
90.7162 38.2683 18.4864 0.7813 0.375 -0.907 -0.3805 -0.1804
96.2974 19.509 19.5966 0.7813 0.4375 -0.9622 -0.1939 -0.1914
90.7161 19.509 37.9954 0.8125 0.4375 -0.9063 -0.1939 -0.3754
90.7161 19.509 37.9954 0.8125 0.4375 -0.9063 -0.1939 -0.3754
85.4587 38.2683 35.8177 0.8125 0.375 -0.8544 -0.3805 -0.3539
90.7162 38.2683 18.4864 0.7813 0.375 -0.907 -0.3805 -0.1804
85.4587 38.2683 35.8177 0.8125 0.375 -0.8544 -0.3805 -0.3539
90.7161 19.509 37.9954 0.8125 0.4375 -0.9063 -0.1939 -0.3754
81.6527 19.509 54.9519 0.8438 0.4375 -0.8157 -0.1939 -0.545
81.6527 19.509 54.9519 0.8438 0.4375 -0.8157 -0.1939 -0.545
76.9211 38.2683 51.7904 0.8438 0.375 -0.7689 -0.3805 -0.5138
85.4587 38.2683 35.8177 0.8125 0.375 -0.8544 -0.3805 -0.3539
76.9211 38.2683 51.7904 0.8438 0.375 -0.7689 -0.3805 -0.5138
81.6527 19.509 54.9519 0.8438 0.4375 -0.8157 -0.1939 -0.545
69.4553 19.509 69.8143 0.875 0.4375 -0.6937 -0.1939 -0.6937
69.4553 19.509 69.8143 0.875 0.4375 -0.6937 -0.1939 -0.6937
65.4315 38.2683 65.7905 0.875 0.375 -0.6539 -0.3805 -0.6539
76.9211 38.2683 51.7904 0.8438 0.375 -0.7689 -0.3805 -0.5138
65.4315 38.2683 65.7905 0.875 0.375 -0.6539 -0.3805 -0.6539
69.4553 19.509 69.8143 0.875 0.4375 -0.6937 -0.1939 -0.6937
54.5928 19.509 82.0116 0.9063 0.4375 -0.545 -0.1939 -0.8157
54.5928 19.509 82.0116 0.9063 0.4375 -0.545 -0.1939 -0.8157
51.4313 38.2683 77.2801 0.9063 0.375 -0.5138 -0.3805 -0.7689
65.4315 38.2683 65.7905 0.875 0.375 -0.6539 -0.3805 -0.6539
51.4313 38.2683 77.2801 0.9063 0.375 -0.5138 -0.3805 -0.7689
54.5928 19.509 82.0116 0.9063 0.4375 -0.545 -0.1939 -0.8157
37.6363 19.509 91.075 0.9375 0.4375 -0.3754 -0.1939 -0.9063
37.6363 19.509 91.075 0.9375 0.4375 -0.3754 -0.1939 -0.9063
35.4586 38.2683 85.8176 0.9375 0.375 -0.3539 -0.3805 -0.8544
51.4313 38.2683 77.2801 0.9063 0.375 -0.5138 -0.3805 -0.7689
35.4586 38.2683 85.8176 0.9375 0.375 -0.3539 -0.3805 -0.8544
37.6363 19.509 91.075 0.9375 0.4375 -0.3754 -0.1939 -0.9063
19.2374 19.509 96.6562 0.9688 0.4375 -0.1914 -0.1939 -0.9622
19.2374 19.509 96.6562 0.9688 0.4375 -0.1914 -0.1939 -0.9622
18.1273 38.2683 91.075 0.9688 0.375 -0.1804 -0.3805 -0.907
35.4586 38.2683 85.8176 0.9375 0.375 -0.3539 -0.3805 -0.8544
18.1273 38.2683 91.075 0.9688 0.375 -0.1804 -0.3805 -0.907
19.2374 19.509 96.6562 0.9688 0.4375 -0.1914 -0.1939 -0.9622
0.1035 19.509 98.5407 1 0.4375 0 -0.1939 -0.981
0.1035 19.509 98.5407 1 0.4375 0 -0.1939 -0.981
0.1035 38.2683 92.8502 1 0.375 0 -0.3805 -0.9248
18.1273 38.2683 91.075 0.9688 0.375 -0.1804 -0.3805 -0.907
0.1035 19.509 98.5407 0 0.4375 0 -0.1939 -0.981
0.1035 0 100.462 0 0.5 0 -0.098 -0.9952
-19.4056 0 98.5407 0.0313 0.5 0.1942 -0.098 -0.9761
-19.4056 0 98.5407 0.0313 0.5 0.1942 -0.098 -0.9761
-19.0307 19.509 96.6562 0.0313 0.4375 0.1914 -0.1939 -0.9622
0.1035 19.509 98.5407 0 0.4375 0 -0.1939 -0.981
-19.0307 19.509 96.6562 0.0313 0.4375 0.1914 -0.1939 -0.9622
-19.4056 0 98.5407 0.0313 0.5 0.1942 -0.098 -0.9761
-38.1649 0 92.8502 0.0625 0.5 0.3808 -0.098 -0.9194
-38.1649 0 92.8502 0.0625 0.5 0.3808 -0.098 -0.9194
-37.4296 19.509 91.075 0.0625 0.4375 0.3754 -0.1939 -0.9063
-19.0307 19.509 96.6562 0.0313 0.4375 0.1914 -0.1939 -0.9622
-37.4296 19.509 91.075 0.0625 0.4375 0.3754 -0.1939 -0.9063
-38.1649 0 92.8502 0.0625 0.5 0.3808 -0.098 -0.9194
-55.4536 0 83.6092 0.0938 0.5 0.5529 -0.098 -0.8275
-55.4536 0 83.6092 0.0938 0.5 0.5529 -0.098 -0.8275
-54.386 19.509 82.0115 0.0938 0.4375 0.545 -0.1939 -0.8157
-37.4296 19.509 91.075 0.0625 0.4375 0.3754 -0.1939 -0.9063
-54.386 19.509 82.0115 0.0938 0.4375 0.545 -0.1939 -0.8157
-55.4536 0 83.6092 0.0938 0.5 0.5529 -0.098 -0.8275
-70.6072 0 71.1729 0.125 0.5 0.7037 -0.098 -0.7037
-70.6072 0 71.1729 0.125 0.5 0.7037 -0.098 -0.7037
-69.2485 19.509 69.8142 0.125 0.4375 0.6937 -0.1939 -0.6937
-54.386 19.509 82.0115 0.0938 0.4375 0.545 -0.1939 -0.8157
-69.2485 19.509 69.8142 0.125 0.4375 0.6937 -0.1939 -0.6937
-70.6072 0 71.1729 0.125 0.5 0.7037 -0.098 -0.7037
-83.0435 0 56.0192 0.1563 0.5 0.8275 -0.098 -0.5529
-83.0435 0 56.0192 0.1563 0.5 0.8275 -0.098 -0.5529
-81.4459 19.509 54.9517 0.1563 0.4375 0.8157 -0.1939 -0.545
-69.2485 19.509 69.8142 0.125 0.4375 0.6937 -0.1939 -0.6937
-81.4459 19.509 54.9517 0.1563 0.4375 0.8157 -0.1939 -0.545
-83.0435 0 56.0192 0.1563 0.5 0.8275 -0.098 -0.5529
-92.2845 0 38.7305 0.1875 0.5 0.9194 -0.098 -0.3808
-92.2845 0 38.7305 0.1875 0.5 0.9194 -0.098 -0.3808
-90.5093 19.509 37.9952 0.1875 0.4375 0.9063 -0.1939 -0.3754
-81.4459 19.509 54.9517 0.1563 0.4375 0.8157 -0.1939 -0.545
-90.5093 19.509 37.9952 0.1875 0.4375 0.9063 -0.1939 -0.3754
-92.2845 0 38.7305 0.1875 0.5 0.9194 -0.098 -0.3808
-97.9751 0 19.9712 0.2187 0.5 0.9761 -0.098 -0.1942
-97.9751 0 19.9712 0.2187 0.5 0.9761 -0.098 -0.1942
-96.0905 19.509 19.5964 0.2187 0.4375 0.9622 -0.1939 -0.1914
-90.5093 19.509 37.9952 0.1875 0.4375 0.9063 -0.1939 -0.3754
-96.0905 19.509 19.5964 0.2187 0.4375 0.9622 -0.1939 -0.1914
-97.9751 0 19.9712 0.2187 0.5 0.9761 -0.098 -0.1942
-99.8965 0 0.4622 0.25 0.5 0.9952 -0.098 0
-99.8965 0 0.4622 0.25 0.5 0.9952 -0.098 0
-97.9751 19.509 0.4622 0.25 0.4375 0.981 -0.1939 0
-96.0905 19.509 19.5964 0.2187 0.4375 0.9622 -0.1939 -0.1914
-97.9751 19.509 0.4622 0.25 0.4375 0.981 -0.1939 0
-99.8965 0 0.4622 0.25 0.5 0.9952 -0.098 0
-97.9751 0 -19.0469 0.2812 0.5 0.9761 -0.098 0.1942
-97.9751 0 -19.0469 0.2812 0.5 0.9761 -0.098 0.1942
-96.0905 19.509 -18.672 0.2812 0.4375 0.9622 -0.1939 0.1914
-97.9751 19.509 0.4622 0.25 0.4375 0.981 -0.1939 0
-96.0905 19.509 -18.672 0.2812 0.4375 0.9622 -0.1939 0.1914
-97.9751 0 -19.0469 0.2812 0.5 0.9761 -0.098 0.1942
-92.2845 0 -37.8062 0.3125 0.5 0.9194 -0.098 0.3808
-92.2845 0 -37.8062 0.3125 0.5 0.9194 -0.098 0.3808
-90.5093 19.509 -37.0709 0.3125 0.4375 0.9063 -0.1939 0.3754
-96.0905 19.509 -18.672 0.2812 0.4375 0.9622 -0.1939 0.1914
-90.5093 19.509 -37.0709 0.3125 0.4375 0.9063 -0.1939 0.3754
-92.2845 0 -37.8062 0.3125 0.5 0.9194 -0.098 0.3808
-83.0435 0 -55.0949 0.3437 0.5 0.8275 -0.098 0.5529
-83.0435 0 -55.0949 0.3437 0.5 0.8275 -0.098 0.5529
-81.4458 19.509 -54.0273 0.3437 0.4375 0.8157 -0.1939 0.545
-90.5093 19.509 -37.0709 0.3125 0.4375 0.9063 -0.1939 0.3754
-81.4458 19.509 -54.0273 0.3437 0.4375 0.8157 -0.1939 0.545
-83.0435 0 -55.0949 0.3437 0.5 0.8275 -0.098 0.5529
-70.6072 0 -70.2485 0.375 0.5 0.7037 -0.098 0.7037
-70.6072 0 -70.2485 0.375 0.5 0.7037 -0.098 0.7037
-69.2485 19.509 -68.8898 0.375 0.4375 0.6937 -0.1939 0.6937
-81.4458 19.509 -54.0273 0.3437 0.4375 0.8157 -0.1939 0.545
-69.2485 19.509 -68.8898 0.375 0.4375 0.6937 -0.1939 0.6937
-70.6072 0 -70.2485 0.375 0.5 0.7037 -0.098 0.7037
-55.4535 0 -82.6848 0.4063 0.5 0.5529 -0.098 0.8275
-55.4535 0 -82.6848 0.4063 0.5 0.5529 -0.098 0.8275
-54.386 19.509 -81.0871 0.4063 0.4375 0.545 -0.1939 0.8157
-69.2485 19.509 -68.8898 0.375 0.4375 0.6937 -0.1939 0.6937
-54.386 19.509 -81.0871 0.4063 0.4375 0.545 -0.1939 0.8157
-55.4535 0 -82.6848 0.4063 0.5 0.5529 -0.098 0.8275
-38.1648 0 -91.9258 0.4375 0.5 0.3808 -0.098 0.9194
-38.1648 0 -91.9258 0.4375 0.5 0.3808 -0.098 0.9194
-37.4295 19.509 -90.1506 0.4375 0.4375 0.3754 -0.1939 0.9063
-54.386 19.509 -81.0871 0.4063 0.4375 0.545 -0.1939 0.8157
-37.4295 19.509 -90.1506 0.4375 0.4375 0.3754 -0.1939 0.9063
-38.1648 0 -91.9258 0.4375 0.5 0.3808 -0.098 0.9194
-19.4055 0 -97.6163 0.4688 0.5 0.1942 -0.098 0.9761
-19.4055 0 -97.6163 0.4688 0.5 0.1942 -0.098 0.9761
-19.0306 19.509 -95.7318 0.4688 0.4375 0.1914 -0.1939 0.9622
-37.4295 19.509 -90.1506 0.4375 0.4375 0.3754 -0.1939 0.9063
-19.0306 19.509 -95.7318 0.4688 0.4375 0.1914 -0.1939 0.9622
-19.4055 0 -97.6163 0.4688 0.5 0.1942 -0.098 0.9761
0.1036 0 -99.5378 0.5 0.5 -0 -0.098 0.9952
0.1036 0 -99.5378 0.5 0.5 -0 -0.098 0.9952
0.1036 19.509 -97.6163 0.5 0.4375 -0 -0.1939 0.981
-19.0306 19.509 -95.7318 0.4688 0.4375 0.1914 -0.1939 0.9622
0.1036 19.509 -97.6163 0.5 0.4375 -0 -0.1939 0.981
0.1036 0 -99.5378 0.5 0.5 -0 -0.098 0.9952
19.6126 0 -97.6163 0.5313 0.5 -0.1942 -0.098 0.9761
19.6126 0 -97.6163 0.5313 0.5 -0.1942 -0.098 0.9761
19.2377 19.509 -95.7317 0.5313 0.4375 -0.1914 -0.1939 0.9622
0.1036 19.509 -97.6163 0.5 0.4375 -0 -0.1939 0.981
19.2377 19.509 -95.7317 0.5313 0.4375 -0.1914 -0.1939 0.9622
19.6126 0 -97.6163 0.5313 0.5 -0.1942 -0.098 0.9761
38.3719 0 -91.9257 0.5625 0.5 -0.3808 -0.098 0.9194
38.3719 0 -91.9257 0.5625 0.5 -0.3808 -0.098 0.9194
37.6366 19.509 -90.1505 0.5625 0.4375 -0.3754 -0.1939 0.9063
19.2377 19.509 -95.7317 0.5313 0.4375 -0.1914 -0.1939 0.9622
37.6366 19.509 -90.1505 0.5625 0.4375 -0.3754 -0.1939 0.9063
38.3719 0 -91.9257 0.5625 0.5 -0.3808 -0.098 0.9194
55.6606 0 -82.6847 0.5938 0.5 -0.5529 -0.098 0.8275
55.6606 0 -82.6847 0.5938 0.5 -0.5529 -0.098 0.8275
54.5931 19.509 -81.087 0.5938 0.4375 -0.545 -0.1939 0.8157
37.6366 19.509 -90.1505 0.5625 0.4375 -0.3754 -0.1939 0.9063
54.5931 19.509 -81.087 0.5938 0.4375 -0.545 -0.1939 0.8157
55.6606 0 -82.6847 0.5938 0.5 -0.5529 -0.098 0.8275
70.8142 0 -70.2484 0.625 0.5 -0.7037 -0.098 0.7037
70.8142 0 -70.2484 0.625 0.5 -0.7037 -0.098 0.7037
69.4555 19.509 -68.8897 0.625 0.4375 -0.6937 -0.1939 0.6937
54.5931 19.509 -81.087 0.5938 0.4375 -0.545 -0.1939 0.8157
69.4555 19.509 -68.8897 0.625 0.4375 -0.6937 -0.1939 0.6937
70.8142 0 -70.2484 0.625 0.5 -0.7037 -0.098 0.7037
83.2505 0 -55.0947 0.6563 0.5 -0.8275 -0.098 0.5529
83.2505 0 -55.0947 0.6563 0.5 -0.8275 -0.098 0.5529
81.6528 19.509 -54.0272 0.6563 0.4375 -0.8157 -0.1939 0.545
69.4555 19.509 -68.8897 0.625 0.4375 -0.6937 -0.1939 0.6937
81.6528 19.509 -54.0272 0.6563 0.4375 -0.8157 -0.1939 0.545
83.2505 0 -55.0947 0.6563 0.5 -0.8275 -0.098 0.5529
92.4915 0 -37.806 0.6875 0.5 -0.9194 -0.098 0.3808
92.4915 0 -37.806 0.6875 0.5 -0.9194 -0.098 0.3808
90.7162 19.509 -37.0707 0.6875 0.4375 -0.9063 -0.1939 0.3754
81.6528 19.509 -54.0272 0.6563 0.4375 -0.8157 -0.1939 0.545
90.7162 19.509 -37.0707 0.6875 0.4375 -0.9063 -0.1939 0.3754
92.4915 0 -37.806 0.6875 0.5 -0.9194 -0.098 0.3808
98.182 0 -19.0467 0.7188 0.5 -0.9761 -0.098 0.1941
98.182 0 -19.0467 0.7188 0.5 -0.9761 -0.098 0.1941
96.2975 19.509 -18.6718 0.7188 0.4375 -0.9622 -0.1939 0.1914
90.7162 19.509 -37.0707 0.6875 0.4375 -0.9063 -0.1939 0.3754
96.2975 19.509 -18.6718 0.7188 0.4375 -0.9622 -0.1939 0.1914
98.182 0 -19.0467 0.7188 0.5 -0.9761 -0.098 0.1941
100.104 0 0.4624 0.75 0.5 -0.9952 -0.098 -0
100.104 0 0.4624 0.75 0.5 -0.9952 -0.098 -0
98.182 19.509 0.4624 0.75 0.4375 -0.981 -0.1939 -0
96.2975 19.509 -18.6718 0.7188 0.4375 -0.9622 -0.1939 0.1914
98.182 19.509 0.4624 0.75 0.4375 -0.981 -0.1939 -0
100.104 0 0.4624 0.75 0.5 -0.9952 -0.098 -0
98.182 0 19.9714 0.7813 0.5 -0.9761 -0.098 -0.1942
98.182 0 19.9714 0.7813 0.5 -0.9761 -0.098 -0.1942
96.2974 19.509 19.5966 0.7813 0.4375 -0.9622 -0.1939 -0.1914
98.182 19.509 0.4624 0.75 0.4375 -0.981 -0.1939 -0
96.2974 19.509 19.5966 0.7813 0.4375 -0.9622 -0.1939 -0.1914
98.182 0 19.9714 0.7813 0.5 -0.9761 -0.098 -0.1942
92.4913 0 38.7307 0.8125 0.5 -0.9194 -0.098 -0.3808
92.4913 0 38.7307 0.8125 0.5 -0.9194 -0.098 -0.3808
90.7161 19.509 37.9954 0.8125 0.4375 -0.9063 -0.1939 -0.3754
96.2974 19.509 19.5966 0.7813 0.4375 -0.9622 -0.1939 -0.1914
90.7161 19.509 37.9954 0.8125 0.4375 -0.9063 -0.1939 -0.3754
92.4913 0 38.7307 0.8125 0.5 -0.9194 -0.098 -0.3808
83.2503 0 56.0194 0.8438 0.5 -0.8275 -0.098 -0.5529
83.2503 0 56.0194 0.8438 0.5 -0.8275 -0.098 -0.5529
81.6527 19.509 54.9519 0.8438 0.4375 -0.8157 -0.1939 -0.545
90.7161 19.509 37.9954 0.8125 0.4375 -0.9063 -0.1939 -0.3754
81.6527 19.509 54.9519 0.8438 0.4375 -0.8157 -0.1939 -0.545
83.2503 0 56.0194 0.8438 0.5 -0.8275 -0.098 -0.5529
70.814 0 71.173 0.875 0.5 -0.7037 -0.098 -0.7037
70.814 0 71.173 0.875 0.5 -0.7037 -0.098 -0.7037
69.4553 19.509 69.8143 0.875 0.4375 -0.6937 -0.1939 -0.6937
81.6527 19.509 54.9519 0.8438 0.4375 -0.8157 -0.1939 -0.545
69.4553 19.509 69.8143 0.875 0.4375 -0.6937 -0.1939 -0.6937
70.814 0 71.173 0.875 0.5 -0.7037 -0.098 -0.7037
55.6603 0 83.6093 0.9063 0.5 -0.5529 -0.098 -0.8275
55.6603 0 83.6093 0.9063 0.5 -0.5529 -0.098 -0.8275
54.5928 19.509 82.0116 0.9063 0.4375 -0.545 -0.1939 -0.8157
69.4553 19.509 69.8143 0.875 0.4375 -0.6937 -0.1939 -0.6937
54.5928 19.509 82.0116 0.9063 0.4375 -0.545 -0.1939 -0.8157
55.6603 0 83.6093 0.9063 0.5 -0.5529 -0.098 -0.8275
38.3716 0 92.8503 0.9375 0.5 -0.3808 -0.098 -0.9194
38.3716 0 92.8503 0.9375 0.5 -0.3808 -0.098 -0.9194
37.6363 19.509 91.075 0.9375 0.4375 -0.3754 -0.1939 -0.9063
54.5928 19.509 82.0116 0.9063 0.4375 -0.545 -0.1939 -0.8157
37.6363 19.509 91.075 0.9375 0.4375 -0.3754 -0.1939 -0.9063
38.3716 0 92.8503 0.9375 0.5 -0.3808 -0.098 -0.9194
19.6123 0 98.5408 0.9688 0.5 -0.1941 -0.098 -0.9761
19.6123 0 98.5408 0.9688 0.5 -0.1941 -0.098 -0.9761
19.2374 19.509 96.6562 0.9688 0.4375 -0.1914 -0.1939 -0.9622
37.6363 19.509 91.075 0.9375 0.4375 -0.3754 -0.1939 -0.9063
19.2374 19.509 96.6562 0.9688 0.4375 -0.1914 -0.1939 -0.9622
19.6123 0 98.5408 0.9688 0.5 -0.1941 -0.098 -0.9761
0.1035 0 100.462 1 0.5 0 -0.098 -0.9952
0.1035 0 100.462 1 0.5 0 -0.098 -0.9952
0.1035 19.509 98.5407 1 0.4375 0 -0.1939 -0.981
19.2374 19.509 96.6562 0.9688 0.4375 -0.1914 -0.1939 -0.9622
