Vertex Count: 93

Data:

-127.947 736.925 -87.781 0.272 0.4267 0.0314 0.9956 0.0886
-150.623 734.986 -57.9673 0.204 0.4267 0.0314 0.9956 0.0886
-147.627 731.224 -16.7756 0.136 0.4267 0.0314 0.9956 0.0886
-127.947 736.925 -87.781 0.272 0.4267 0.0315 0.9956 0.0887
-147.627 731.224 -16.7756 0.136 0.4267 0.0315 0.9956 0.0887
-155.511 728.611 15.3615 0.068 0.4267 0.0315 0.9956 0.0887
-57.0733 736.61 -109.388 0.408 0.4267 0.0314 0.9956 0.0887
-94.7523 737.465 -105.625 0.34 0.4267 0.0314 0.9956 0.0887
-127.947 736.925 -87.781 0.272 0.4267 0.0314 0.9956 0.0887
43.4813 736.996 -149.388 0.612 0.4267 0.0314 0.9956 0.0886
6.1883 737.093 -137.25 0.544 0.4267 0.0314 0.9956 0.0886
-25.9315 736.604 -120.368 0.476 0.4267 0.0314 0.9956 0.0886
102.133 730.994 -102.786 0.748 0.4267 0.0314 0.9956 0.0886
79.6994 734.886 -138.544 0.68 0.4267 0.0314 0.9956 0.0886
43.4813 736.996 -149.388 0.612 0.4267 0.0314 0.9956 0.0886
102.133 730.994 -102.786 0.748 0.4267 0.0314 0.9956 0.0886
43.4813 736.996 -149.388 0.612 0.4267 0.0314 0.9956 0.0886
-25.9315 736.604 -120.368 0.476 0.4267 0.0314 0.9956 0.0886
102.133 730.994 -102.786 0.748 0.4267 0.0314 0.9956 0.0887
-25.9315 736.604 -120.368 0.476 0.4267 0.0314 0.9956 0.0887
-57.0733 736.61 -109.388 0.408 0.4267 0.0314 0.9956 0.0887
151.849 725.592 -59.7597 0.884 0.4267 0.0314 0.9956 0.0886
128.739 728.415 -83.2669 0.816 0.4267 0.0314 0.9956 0.0886
102.133 730.994 -102.786 0.748 0.4267 0.0314 0.9956 0.0886
200.348 719.348 -6.833 1.02 0.4267 0.0315 0.9956 0.0886
176.748 722.66 -35.6583 0.952 0.4267 0.0315 0.9956 0.0886
151.849 725.592 -59.7597 0.884 0.4267 0.0315 0.9956 0.0886
200.348 719.348 -6.833 1.02 0.4267 0.0314 0.9956 0.0887
151.849 725.592 -59.7597 0.884 0.4267 0.0314 0.9956 0.0887
102.133 730.994 -102.786 0.748 0.4267 0.0314 0.9956 0.0887
200.99 712.919 65.1381 1.156 0.4267 0.0314 0.9956 0.0886
208.404 715.903 28.9965 1.088 0.4267 0.0314 0.9956 0.0886
200.348 719.348 -6.833 1.02 0.4267 0.0314 0.9956 0.0886
181.678 710.755 96.2846 1.224 0.4267 0.0314 0.9956 0.0886
200.99 712.919 65.1381 1.156 0.4267 0.0314 0.9956 0.0886
200.348 719.348 -6.833 1.02 0.4267 0.0314 0.9956 0.0886
181.678 710.755 96.2846 1.224 0.4267 0.0314 0.9956 0.0886
200.348 719.348 -6.833 1.02 0.4267 0.0314 0.9956 0.0886
102.133 730.994 -102.786 0.748 0.4267 0.0314 0.9956 0.0886
181.678 710.755 96.2846 1.224 0.4267 0.0314 0.9956 0.0886
102.133 730.994 -102.786 0.748 0.4267 0.0314 0.9956 0.0886
-57.0733 736.61 -109.388 0.408 0.4267 0.0314 0.9956 0.0886
145.859 702.8 198.328 1.428 0.4267 0.0314 0.9956 0.0886
160.963 705.552 162.072 1.36 0.4267 0.0314 0.9956 0.0886
168.67 708.472 126.538 1.292 0.4267 0.0314 0.9956 0.0886
74.6072 703.112 220.098 1.564 0.4267 0.0314 0.9956 0.0886
114.969 701.791 220.625 1.496 0.4267 0.0314 0.9956 0.0886
145.859 702.8 198.328 1.428 0.4267 0.0314 0.9956 0.0886
74.6072 703.112 220.098 1.564 0.4267 0.0314 0.9956 0.0887
145.859 702.8 198.328 1.428 0.4267 0.0314 0.9956 0.0887
168.67 708.472 126.538 1.292 0.4267 0.0314 0.9956 0.0887
74.6072 703.112 220.098 1.564 0.4267 0.0314 0.9956 0.0886
168.67 708.472 126.538 1.292 0.4267 0.0314 0.9956 0.0886
181.678 710.755 96.2846 1.224 0.4267 0.0314 0.9956 0.0886
39.436 704.319 219.028 1.632 0.4267 0.0314 0.9956 0.0886
74.6072 703.112 220.098 1.564 0.4267 0.0314 0.9956 0.0886
181.678 710.755 96.2846 1.224 0.4267 0.0314 0.9956 0.0886
39.436 704.319 219.028 1.632 0.4267 0.0314 0.9956 0.0886
181.678 710.755 96.2846 1.224 0.4267 0.0314 0.9956 0.0886
-57.0733 736.61 -109.388 0.408 0.4267 0.0314 0.9956 0.0886
-64.4045 707.459 220.587 1.836 0.4267 0.0314 0.9956 0.0887
-28.2686 705.975 224.436 1.768 0.4267 0.0314 0.9956 0.0887
6.4406 705.185 221.002 1.7 0.4267 0.0314 0.9956 0.0887
-64.4045 707.459 220.587 1.836 0.4267 0.0314 0.9956 0.0886
6.4406 705.185 221.002 1.7 0.4267 0.0314 0.9956 0.0886
39.436 704.319 219.028 1.632 0.4267 0.0314 0.9956 0.0886
-115.59 713.413 171.883 1.972 0.4267 0.0314 0.9956 0.0886
-95.9261 710.034 202.851 1.904 0.4267 0.0314 0.9956 0.0886
-64.4045 707.459 220.587 1.836 0.4267 0.0314 0.9956 0.0886
-146.091 719.684 112.271 2.108 0.4267 0.0313 0.9956 0.0887
-131.275 716.605 141.595 2.04 0.4267 0.0313 0.9956 0.0887
-115.59 713.413 171.883 1.972 0.4267 0.0313 0.9956 0.0887
-146.091 719.684 112.271 2.108 0.4267 0.0314 0.9956 0.0886
-115.59 713.413 171.883 1.972 0.4267 0.0314 0.9956 0.0886
-64.4045 707.459 220.587 1.836 0.4267 0.0314 0.9956 0.0886
-146.091 719.684 112.271 2.108 0.4267 0.0314 0.9956 0.0886
-64.4045 707.459 220.587 1.836 0.4267 0.0314 0.9956 0.0886
39.436 704.319 219.028 1.632 0.4267 0.0314 0.9956 0.0886
-146.091 719.684 112.271 2.108 0.4267 0.0314 0.9956 0.0886
39.436 704.319 219.028 1.632 0.4267 0.0314 0.9956 0.0886
-57.0733 736.61 -109.388 0.408 0.4267 0.0314 0.9956 0.0886
-146.091 719.684 112.271 2.108 0.4267 0.0314 0.9956 0.0886
-57.0733 736.61 -109.388 0.408 0.4267 0.0314 0.9956 0.0886
-127.947 736.925 -87.781 0.272 0.4267 0.0314 0.9956 0.0886
-146.091 719.684 112.271 2.108 0.4267 0.0314 0.9956 0.0886
-127.947 736.925 -87.781 0.272 0.4267 0.0314 0.9956 0.0886
-155.511 728.611 15.3615 0.068 0.4267 0.0314 0.9956 0.0886
-155.256 722.779 80.7633 2.176 0.4267 0.0314 0.9956 0.0886
-146.091 719.684 112.271 2.108 0.4267 0.0314 0.9956 0.0886
-155.511 728.611 15.3615 0.068 0.4267 0.0314 0.9956 0.0886
-158.241 725.782 48.0979 2.244 0.4267 0.0315 0.9956 0.0886
-155.256 722.779 80.7633 2.176 0.4267 0.0315 0.9956 0.0886
-155.511 728.611 15.3615 0.068 0.4267 0.0315 0.9956 0.0886
