Vertex Count: 462

Data:

-191.52 354.355 17.9537 0 0.713 -0.9785 0.2052 0.0184
-189.195 356.401 -14.4915 0.0591 0.713 -0.9695 0.2075 -0.1308
-315.989 -15.3922 -35.1176 0.0499 1 -0.8482 0.3302 -0.4141
-315.989 -15.3922 -35.1176 0.0499 1 -0.8482 0.3302 -0.4141
-334.126 -16.9182 -1.5994 0 1 -0.9329 0.3553 0.0583
-191.52 354.355 17.9537 0 0.713 -0.9785 0.2052 0.0184
-189.195 356.401 -14.4915 0.0591 0.713 -0.9695 0.2075 -0.1308
-182.425 358.328 -46.4846 0.1181 0.713 -0.9812 0.1874 -0.0467
-291.969 -13.932 -84.2146 0.0997 1 -0.9312 0.3046 -0.2
-291.969 -13.932 -84.2146 0.0997 1 -0.9312 0.3046 -0.2
-315.989 -15.3922 -35.1176 0.0499 1 -0.8482 0.3302 -0.4141
-189.195 356.401 -14.4915 0.0591 0.713 -0.9695 0.2075 -0.1308
-182.425 358.328 -46.4846 0.1181 0.713 -0.9812 0.1874 -0.0467
-186.15 360.929 -85.6456 0.1772 0.713 -0.9765 0.1835 -0.1128
-291.875 -12.4938 -131.602 0.1496 1 -0.909 0.2985 -0.2907
-291.875 -12.4938 -131.602 0.1496 1 -0.909 0.2985 -0.2907
-291.969 -13.932 -84.2146 0.0997 1 -0.9312 0.3046 -0.2
-182.425 358.328 -46.4846 0.1181 0.713 -0.9812 0.1874 -0.0467
-186.15 360.929 -85.6456 0.1772 0.713 -0.9765 0.1835 -0.1128
-252.787 -9.9679 -182.999 0.1995 1 -0.7786 0.2731 -0.565
-291.875 -12.4938 -131.602 0.1496 1 -0.909 0.2985 -0.2907
-173.757 362.989 -121.44 0.2362 0.713 -0.8258 0.2023 -0.5264
-230.564 -8.6864 -212.482 0.2493 1 -0.5028 0.2495 -0.8276
-252.787 -9.9679 -182.999 0.1995 1 -0.7786 0.2731 -0.565
-252.787 -9.9679 -182.999 0.1995 1 -0.7786 0.2731 -0.565
-186.15 360.929 -85.6456 0.1772 0.713 -0.9765 0.1835 -0.1128
-173.757 362.989 -121.44 0.2362 0.713 -0.8258 0.2023 -0.5264
-146.481 364.093 -147.044 0.2953 0.713 -0.5076 0.2173 -0.8337
-194.153 -7.9621 -216.038 0.2992 1 -0.4868 0.2192 -0.8456
-230.564 -8.6864 -212.482 0.2493 1 -0.5028 0.2495 -0.8276
-230.564 -8.6864 -212.482 0.2493 1 -0.5028 0.2495 -0.8276
-173.757 362.989 -121.44 0.2362 0.713 -0.8258 0.2023 -0.5264
-146.481 364.093 -147.044 0.2953 0.713 -0.5076 0.2173 -0.8337
-146.481 364.093 -147.044 0.2953 0.713 -0.5076 0.2173 -0.8337
-110.38 364.164 -159.395 0.3543 0.713 -0.1925 0.2005 -0.9606
-166.097 -8.0176 -255.971 0.3491 1 -0.3436 0.2527 -0.9045
-166.097 -8.0176 -255.971 0.3491 1 -0.3436 0.2527 -0.9045
-194.153 -7.9621 -216.038 0.2992 1 -0.4868 0.2192 -0.8456
-146.481 364.093 -147.044 0.2953 0.713 -0.5076 0.2173 -0.8337
-110.38 364.164 -159.395 0.3543 0.713 -0.1925 0.2005 -0.9606
-73.6748 363.638 -162.668 0.4134 0.713 -0.2204 0.2097 -0.9526
-110.402 -8.7791 -243.67 0.3989 1 -0.4429 0.2483 -0.8615
-110.402 -8.7791 -243.67 0.3989 1 -0.4429 0.2483 -0.8615
-166.097 -8.0176 -255.971 0.3491 1 -0.3436 0.2527 -0.9045
-110.38 364.164 -159.395 0.3543 0.713 -0.1925 0.2005 -0.9606
-73.6748 363.638 -162.668 0.4134 0.713 -0.2204 0.2097 -0.9526
-42.8621 363.715 -173.439 0.4724 0.713 -0.3666 0.2291 -0.9017
-88.3949 -8.698 -291.016 0.4488 1 -0.5004 0.2866 -0.817
-88.3949 -8.698 -291.016 0.4488 1 -0.5004 0.2866 -0.817
-110.402 -8.7791 -243.67 0.3989 1 -0.4429 0.2483 -0.8615
-73.6748 363.638 -162.668 0.4134 0.713 -0.2204 0.2097 -0.9526
-42.8621 363.715 -173.439 0.4724 0.713 -0.3666 0.2291 -0.9017
-64.5894 -8.7015 -291.887 0.4987 1 -0.7354 0.2968 -0.6092
-88.3949 -8.698 -291.016 0.4488 1 -0.5004 0.2866 -0.817
-11.4314 364.039 -188.254 0.5315 0.713 -0.4598 0.2555 -0.8505
-67.0219 -4.119 -360.469 0.5485 1 -0.4004 0.3332 -0.8536
-64.5894 -8.7015 -291.887 0.4987 1 -0.7354 0.2968 -0.6092
-64.5894 -8.7015 -291.887 0.4987 1 -0.7354 0.2968 -0.6092
-42.8621 363.715 -173.439 0.4724 0.713 -0.3666 0.2291 -0.9017
-11.4314 364.039 -188.254 0.5315 0.713 -0.4598 0.2555 -0.8505
24.3997 364.567 -207.596 0.5905 0.713 -0.165 0.2497 -0.9542
-6.4296 -7.5776 -298.58 0.5984 1 0.2363 0.2364 -0.9425
-67.0219 -4.119 -360.469 0.5485 1 -0.4004 0.3332 -0.8536
-67.0219 -4.119 -360.469 0.5485 1 -0.4004 0.3332 -0.8536
-11.4314 364.039 -188.254 0.5315 0.713 -0.4598 0.2555 -0.8505
24.3997 364.567 -207.596 0.5905 0.713 -0.165 0.2497 -0.9542
62.2128 363.642 -205.025 0.6496 0.713 0.5114 0.1804 -0.8402
68.0387 -8.3127 -332.662 0.6483 1 0.3193 0.3121 -0.8948
-6.4296 -7.5776 -298.58 0.5984 1 0.2363 0.2364 -0.9425
-6.4296 -7.5776 -298.58 0.5984 1 0.2363 0.2364 -0.9425
24.3997 364.567 -207.596 0.5905 0.713 -0.165 0.2497 -0.9542
62.2128 363.642 -205.025 0.6496 0.713 0.5114 0.1804 -0.8402
62.2128 363.642 -205.025 0.6496 0.713 0.5114 0.1804 -0.8402
86.3018 360.624 -165.73 0.7086 0.713 0.7124 0.1533 -0.6848
97.9874 -17.0623 -281.348 0.6981 1 0.7652 0.212 -0.6078
97.9874 -17.0623 -281.348 0.6981 1 0.7652 0.212 -0.6078
68.0387 -8.3127 -332.662 0.6483 1 0.3193 0.3121 -0.8948
62.2128 363.642 -205.025 0.6496 0.713 0.5114 0.1804 -0.8402
86.3018 360.624 -165.73 0.7086 0.713 0.7124 0.1533 -0.6848
114.076 358.916 -147.895 0.7677 0.713 0.5776 0.1868 -0.7947
141.626 -14.3563 -244.363 0.748 1 0.488 0.2562 -0.8344
141.626 -14.3563 -244.363 0.748 1 0.488 0.2562 -0.8344
97.9874 -17.0623 -281.348 0.6981 1 0.7652 0.212 -0.6078
86.3018 360.624 -165.73 0.7086 0.713 0.7124 0.1533 -0.6848
114.076 358.916 -147.895 0.7677 0.713 0.5776 0.1868 -0.7947
139.594 357.089 -127.505 0.8267 0.713 0.6769 0.1756 -0.7149
172.865 -16.1179 -233.096 0.7979 1 0.5924 0.2551 -0.7642
172.865 -16.1179 -233.096 0.7979 1 0.5924 0.2551 -0.7642
141.626 -14.3563 -244.363 0.748 1 0.488 0.2562 -0.8344
114.076 358.916 -147.895 0.7677 0.713 0.5776 0.1868 -0.7947
139.594 357.089 -127.505 0.8267 0.713 0.6769 0.1756 -0.7149
223.541 -18.769 -161.904 0.8477 1 0.9552 0.1971 -0.2206
172.865 -16.1179 -233.096 0.7979 1 0.5924 0.2551 -0.7642
162.141 355.111 -103.867 0.8858 0.713 0.7144 0.1497 -0.6836
220.032 -22.4676 -137.677 0.8976 1 0.7619 0.2055 -0.6142
223.541 -18.769 -161.904 0.8477 1 0.9552 0.1971 -0.2206
223.541 -18.769 -161.904 0.8477 1 0.9552 0.1971 -0.2206
139.594 357.089 -127.505 0.8267 0.713 0.6769 0.1756 -0.7149
162.141 355.111 -103.867 0.8858 0.713 0.7144 0.1497 -0.6836
186.662 353.085 -80.0826 0.9448 0.713 0.6832 0.1661 -0.7111
337.017 -48.3135 -115.436 0.9475 1 0.6297 0.299 -0.7169
220.032 -22.4676 -137.677 0.8976 1 0.7619 0.2055 -0.6142
220.032 -22.4676 -137.677 0.8976 1 0.7619 0.2055 -0.6142
162.141 355.111 -103.867 0.8858 0.713 0.7144 0.1497 -0.6836
186.662 353.085 -80.0826 0.9448 0.713 0.6832 0.1661 -0.7111
186.662 353.085 -80.0826 0.9448 0.713 0.6832 0.1661 -0.7111
213.327 350.834 -53.4801 1.0039 0.713 0.8408 0.1875 -0.5079
354.846 -52.4511 -90.2098 0.9973 1 0.9376 0.3319 0.1041
354.846 -52.4511 -90.2098 0.9973 1 0.9376 0.3319 0.1041
337.017 -48.3135 -115.436 0.9475 1 0.6297 0.299 -0.7169
186.662 353.085 -80.0826 0.9448 0.713 0.6832 0.1661 -0.7111
213.327 350.834 -53.4801 1.0039 0.713 0.8408 0.1875 -0.5079
225.61 348.36 -18.9512 1.0629 0.713 0.9827 0.1111 -0.1479
306.832 -41.1717 -59.5319 1.0472 1 0.6122 0.0994 0.7844
306.832 -41.1717 -59.5319 1.0472 1 0.6122 0.0994 0.7844
354.846 -52.4511 -90.2098 0.9973 1 0.9376 0.3319 0.1041
213.327 350.834 -53.4801 1.0039 0.713 0.8408 0.1875 -0.5079
225.61 348.36 -18.9512 1.0629 0.713 0.9827 0.1111 -0.1479
225.986 345.989 17.7017 1.122 0.713 0.9703 0.0714 0.2311
258.692 -38.9672 -18.8567 1.0971 1 0.9789 0.1182 0.1669
258.692 -38.9672 -18.8567 1.0971 1 0.9789 0.1182 0.1669
306.832 -41.1717 -59.5319 1.0472 1 0.6122 0.0994 0.7844
225.61 348.36 -18.9512 1.0629 0.713 0.9827 0.1111 -0.1479
225.986 345.989 17.7017 1.122 0.713 0.9703 0.0714 0.2311
285.746 -35.4307 18.036 1.1469 1 0.9571 0.1643 -0.2385
258.692 -38.9672 -18.8567 1.0971 1 0.9789 0.1182 0.1669
207.472 344.19 51.3517 1.1811 0.713 0.8816 0.0739 0.4661
282.211 -32.5995 32.9603 1.1968 1 0.9705 0.2022 0.131
285.746 -35.4307 18.036 1.1469 1 0.9571 0.1643 -0.2385
285.746 -35.4307 18.036 1.1469 1 0.9571 0.1643 -0.2385
225.986 345.989 17.7017 1.122 0.713 0.9703 0.0714 0.2311
207.472 344.19 51.3517 1.1811 0.713 0.8816 0.0739 0.4661
192.256 342.537 81.7187 1.2401 0.713 0.9006 0.0966 0.4237
280.478 -30.5638 79.2869 1.2467 1 0.9682 0.2452 0.0498
282.211 -32.5995 32.9603 1.1968 1 0.9705 0.2022 0.131
282.211 -32.5995 32.9603 1.1968 1 0.9705 0.2022 0.131
207.472 344.19 51.3517 1.1811 0.713 0.8816 0.0739 0.4661
192.256 342.537 81.7187 1.2401 0.713 0.9006 0.0966 0.4237
178.9 340.89 111.408 1.2992 0.713 0.9476 0.1195 0.2961
283.718 -52.3509 126.268 1.2965 1 0.9194 0.2563 0.2983
280.478 -30.5638 79.2869 1.2467 1 0.9682 0.2452 0.0498
280.478 -30.5638 79.2869 1.2467 1 0.9682 0.2452 0.0498
192.256 342.537 81.7187 1.2401 0.713 0.9006 0.0966 0.4237
178.9 340.89 111.408 1.2992 0.713 0.9476 0.1195 0.2961
178.9 340.89 111.408 1.2992 0.713 0.9476 0.1195 0.2961
172.597 338.684 147.584 1.3582 0.713 0.9612 0.1372 0.2395
264.649 -47.0827 156.459 1.3464 1 0.9352 0.247 0.2536
264.649 -47.0827 156.459 1.3464 1 0.9352 0.247 0.2536
283.718 -52.3509 126.268 1.2965 1 0.9194 0.2563 0.2983
178.9 340.89 111.408 1.2992 0.713 0.9476 0.1195 0.2961
172.597 338.684 147.584 1.3582 0.713 0.9612 0.1372 0.2395
160.245 336.48 185.599 1.4173 0.713 0.8231 0.1338 0.5519
264.939 -32.4254 196.298 1.3963 1 0.9282 0.246 0.2791
264.939 -32.4254 196.298 1.3963 1 0.9282 0.246 0.2791
264.649 -47.0827 156.459 1.3464 1 0.9352 0.247 0.2536
172.597 338.684 147.584 1.3582 0.713 0.9612 0.1372 0.2395
160.245 336.48 185.599 1.4173 0.713 0.8231 0.1338 0.5519
214.868 -33.583 246.995 1.4461 1 0.8564 0.2344 0.46
264.939 -32.4254 196.298 1.3963 1 0.9282 0.246 0.2791
131.847 335.417 210.908 1.4763 0.713 0.4983 0.1343 0.8565
203.139 -34.1593 306.77 1.496 1 0.6469 0.2971 0.7023
214.868 -33.583 246.995 1.4461 1 0.8564 0.2344 0.46
214.868 -33.583 246.995 1.4461 1 0.8564 0.2344 0.46
160.245 336.48 185.599 1.4173 0.713 0.8231 0.1338 0.5519
131.847 335.417 210.908 1.4763 0.713 0.4983 0.1343 0.8565
95.2419 335.426 222.177 1.5354 0.713 -0.013 0.1222 0.9924
151.038 -33.7018 313.307 1.5459 1 0.278 0.3033 0.9114
203.139 -34.1593 306.77 1.496 1 0.6469 0.2971 0.7023
203.139 -34.1593 306.77 1.496 1 0.6469 0.2971 0.7023
131.847 335.417 210.908 1.4763 0.713 0.4983 0.1343 0.8565
95.2419 335.426 222.177 1.5354 0.713 -0.013 0.1222 0.9924
54.1458 337.047 209.822 1.5944 0.713 -0.0431 0.1447 0.9885
117.048 -32.141 333.11 1.5957 1 0.5014 0.3497 0.7914
151.038 -33.7018 313.307 1.5459 1 0.278 0.3033 0.9114
151.038 -33.7018 313.307 1.5459 1 0.278 0.3033 0.9114
95.2419 335.426 222.177 1.5354 0.713 -0.013 0.1222 0.9924
54.1458 337.047 209.822 1.5944 0.713 -0.0431 0.1447 0.9885
54.1458 337.047 209.822 1.5944 0.713 -0.0431 0.1447 0.9885
21.7497 337.403 214.398 1.6535 0.713 0.0818 0.1805 0.9802
80.5893 -31.8757 357.232 1.6456 1 0.2707 0.3691 0.8891
80.5893 -31.8757 357.232 1.6456 1 0.2707 0.3691 0.8891
117.048 -32.141 333.11 1.5957 1 0.5014 0.3497 0.7914
54.1458 337.047 209.822 1.5944 0.713 -0.0431 0.1447 0.9885
21.7497 337.403 214.398 1.6535 0.713 0.0818 0.1805 0.9802
-10.9563 338.003 215.275 1.7125 0.713 0.091 0.1815 0.9792
12.1892 -31.4754 357.792 1.6955 1 0.1664 0.3647 0.9161
12.1892 -31.4754 357.792 1.6955 1 0.1664 0.3647 0.9161
80.5893 -31.8757 357.232 1.6456 1 0.2707 0.3691 0.8891
21.7497 337.403 214.398 1.6535 0.713 0.0818 0.1805 0.9802
-10.9563 338.003 215.275 1.7125 0.713 0.091 0.1815 0.9792
-45.92 338.382 220.283 1.7716 0.713 0.0272 0.2008 0.9793
-50.183 -31.0883 380.221 1.7453 1 0.1148 0.3866 0.9151
-50.183 -31.0883 380.221 1.7453 1 0.1148 0.3866 0.9151
12.1892 -31.4754 357.792 1.6955 1 0.1664 0.3647 0.9161
-10.9563 338.003 215.275 1.7125 0.713 0.091 0.1815 0.9792
-45.92 338.382 220.283 1.7716 0.713 0.0272 0.2008 0.9793
-89.2866 -30.9481 377.303 1.7952 1 -0.247 0.3889 0.8876
-50.183 -31.0883 380.221 1.7453 1 0.1148 0.3866 0.9151
-82.0307 339.323 216.93 1.8306 0.713 -0.2726 0.2037 0.9403
-150.667 -30.0327 343.713 1.8451 1 -0.5073 0.3547 0.7854
-89.2866 -30.9481 377.303 1.7952 1 -0.247 0.3889 0.8876
-89.2866 -30.9481 377.303 1.7952 1 -0.247 0.3889 0.8876
-45.92 338.382 220.283 1.7716 0.713 0.0272 0.2008 0.9793
-82.0307 339.323 216.93 1.8306 0.713 -0.2726 0.2037 0.9403
-114.2 341.015 200.709 1.8897 0.713 -0.5749 0.1951 0.7947
-198.923 -28.6863 304.925 1.8949 1 -0.6082 0.3425 0.716
-150.667 -30.0327 343.713 1.8451 1 -0.5073 0.3547 0.7854
-150.667 -30.0327 343.713 1.8451 1 -0.5073 0.3547 0.7854
-82.0307 339.323 216.93 1.8306 0.713 -0.2726 0.2037 0.9403
-114.2 341.015 200.709 1.8897 0.713 -0.5749 0.1951 0.7947
-139.481 343.175 175.09 1.9487 0.713 -0.8309 0.2054 0.5172
-242.332 -27.0176 264.549 1.9448 1 -0.7414 0.3451 0.5756
-198.923 -28.6863 304.925 1.8949 1 -0.6082 0.3425 0.716
-198.923 -28.6863 304.925 1.8949 1 -0.6082 0.3425 0.716
-114.2 341.015 200.709 1.8897 0.713 -0.5749 0.1951 0.7947
-139.481 343.175 175.09 1.9487 0.713 -0.8309 0.2054 0.5172
-139.481 343.175 175.09 1.9487 0.713 -0.8309 0.2054 0.5172
-151.206 345.695 139.667 2.0078 0.713 -0.884 0.1969 0.4239
-263.601 -24.9587 221.546 1.9947 1 -0.8468 0.3408 0.4085
-263.601 -24.9587 221.546 1.9947 1 -0.8468 0.3408 0.4085
-242.332 -27.0176 264.549 1.9448 1 -0.7414 0.3451 0.5756
-139.481 343.175 175.09 1.9487 0.713 -0.8309 0.2054 0.5172
-151.206 345.695 139.667 2.0078 0.713 -0.884 0.1969 0.4239
-168.038 347.838 111.686 2.0668 0.713 -0.8588 0.2091 0.4677
-281.102 -23.3623 181.877 2.0445 1 -0.763 0.3416 0.5488
-281.102 -23.3623 181.877 2.0445 1 -0.763 0.3416 0.5488
-263.601 -24.9587 221.546 1.9947 1 -0.8468 0.3408 0.4085
-151.206 345.695 139.667 2.0078 0.713 -0.884 0.1969 0.4239
-168.038 347.838 111.686 2.0668 0.713 -0.8588 0.2091 0.4677
-326.263 -21.7541 138.345 2.0944 1 -0.8332 0.3724 0.4089
-281.102 -23.3623 181.877 2.0445 1 -0.763 0.3416 0.5488
-181.098 350.021 81.8982 2.1259 0.713 -0.9194 0.224 0.3235
-332.155 -20.1247 82.1011 2.1443 1 -0.9274 0.3529 -0.1243
-326.263 -21.7541 138.345 2.0944 1 -0.8332 0.3724 0.4089
-326.263 -21.7541 138.345 2.0944 1 -0.8332 0.3724 0.4089
-168.038 347.838 111.686 2.0668 0.713 -0.8588 0.2091 0.4677
-181.098 350.021 81.8982 2.1259 0.713 -0.9194 0.224 0.3235
-188.973 352.214 50.352 2.1849 0.713 -0.9651 0.2089 0.1577
-309.007 -18.502 34.9608 2.1941 1 -0.9427 0.3249 0.0757
-332.155 -20.1247 82.1011 2.1443 1 -0.9274 0.3529 -0.1243
-332.155 -20.1247 82.1011 2.1443 1 -0.9274 0.3529 -0.1243
-181.098 350.021 81.8982 2.1259 0.713 -0.9194 0.224 0.3235
-188.973 352.214 50.352 2.1849 0.713 -0.9651 0.2089 0.1577
-191.52 354.355 17.9537 2.244 0.713 -0.9785 0.2052 0.0184
-334.126 -16.9182 -1.5994 2.244 1 -0.9329 0.3553 0.0583
-309.007 -18.502 34.9608 2.1941 1 -0.9427 0.3249 0.0757
-309.007 -18.502 34.9608 2.1941 1 -0.9427 0.3249 0.0757
-188.973 352.214 50.352 2.1849 0.713 -0.9651 0.2089 0.1577
-191.52 354.355 17.9537 2.244 0.713 -0.9785 0.2052 0.0184
-158.241 725.782 48.0979 0 0.4267 -0.9959 0.0893 0.0113
-155.511 728.611 15.3615 0.068 0.4267 -0.9831 0.1024 -0.1521
-189.195 356.401 -14.4915 0.0591 0.713 -0.9695 0.2075 -0.1308
-189.195 356.401 -14.4915 0.0591 0.713 -0.9695 0.2075 -0.1308
-191.52 354.355 17.9537 0 0.713 -0.9785 0.2052 0.0184
-158.241 725.782 48.0979 0 0.4267 -0.9959 0.0893 0.0113
-155.511 728.611 15.3615 0.068 0.4267 -0.9831 0.1024 -0.1521
-147.627 731.224 -16.7756 0.136 0.4267 -0.9924 0.0994 -0.073
-182.425 358.328 -46.4846 0.1181 0.713 -0.9812 0.1874 -0.0467
-182.425 358.328 -46.4846 0.1181 0.713 -0.9812 0.1874 -0.0467
-189.195 356.401 -14.4915 0.0591 0.713 -0.9695 0.2075 -0.1308
-155.511 728.611 15.3615 0.068 0.4267 -0.9831 0.1024 -0.1521
-147.627 731.224 -16.7756 0.136 0.4267 -0.9924 0.0994 -0.073
-150.623 734.986 -57.9673 0.204 0.4267 -0.9542 0.1267 -0.2711
-186.15 360.929 -85.6456 0.1772 0.713 -0.9765 0.1835 -0.1128
-186.15 360.929 -85.6456 0.1772 0.713 -0.9765 0.1835 -0.1128
-182.425 358.328 -46.4846 0.1181 0.713 -0.9812 0.1874 -0.0467
-147.627 731.224 -16.7756 0.136 0.4267 -0.9924 0.0994 -0.073
-150.623 734.986 -57.9673 0.204 0.4267 -0.9542 0.1267 -0.2711
-173.757 362.989 -121.44 0.2362 0.713 -0.8258 0.2023 -0.5264
-186.15 360.929 -85.6456 0.1772 0.713 -0.9765 0.1835 -0.1128
-127.947 736.925 -87.781 0.272 0.4267 -0.6444 0.1591 -0.748
-146.481 364.093 -147.044 0.2953 0.713 -0.5076 0.2173 -0.8337
-173.757 362.989 -121.44 0.2362 0.713 -0.8258 0.2023 -0.5264
-173.757 362.989 -121.44 0.2362 0.713 -0.8258 0.2023 -0.5264
-150.623 734.986 -57.9673 0.204 0.4267 -0.9542 0.1267 -0.2711
-127.947 736.925 -87.781 0.272 0.4267 -0.6444 0.1591 -0.748
-94.7523 737.465 -105.625 0.34 0.4267 -0.2836 0.1561 -0.9462
-110.38 364.164 -159.395 0.3543 0.713 -0.1925 0.2005 -0.9606
-146.481 364.093 -147.044 0.2953 0.713 -0.5076 0.2173 -0.8337
-146.481 364.093 -147.044 0.2953 0.713 -0.5076 0.2173 -0.8337
-127.947 736.925 -87.781 0.272 0.4267 -0.6444 0.1591 -0.748
-94.7523 737.465 -105.625 0.34 0.4267 -0.2836 0.1561 -0.9462
-57.0733 736.61 -109.388 0.408 0.4267 -0.2133 0.1479 -0.9657
-73.6748 363.638 -162.668 0.4134 0.713 -0.2204 0.2097 -0.9526
-110.38 364.164 -159.395 0.3543 0.713 -0.1925 0.2005 -0.9606
-110.38 364.164 -159.395 0.3543 0.713 -0.1925 0.2005 -0.9606
-94.7523 737.465 -105.625 0.34 0.4267 -0.2836 0.1561 -0.9462
-57.0733 736.61 -109.388 0.408 0.4267 -0.2133 0.1479 -0.9657
-25.9315 736.604 -120.368 0.476 0.4267 -0.395 0.1452 -0.9071
-42.8621 363.715 -173.439 0.4724 0.713 -0.3666 0.2291 -0.9017
-73.6748 363.638 -162.668 0.4134 0.713 -0.2204 0.2097 -0.9526
-73.6748 363.638 -162.668 0.4134 0.713 -0.2204 0.2097 -0.9526
-57.0733 736.61 -109.388 0.408 0.4267 -0.2133 0.1479 -0.9657
-25.9315 736.604 -120.368 0.476 0.4267 -0.395 0.1452 -0.9071
-25.9315 736.604 -120.368 0.476 0.4267 -0.395 0.1452 -0.9071
6.1883 737.093 -137.25 0.544 0.4267 -0.3909 0.1517 -0.9078
-11.4314 364.039 -188.254 0.5315 0.713 -0.4598 0.2555 -0.8505
-11.4314 364.039 -188.254 0.5315 0.713 -0.4598 0.2555 -0.8505
-42.8621 363.715 -173.439 0.4724 0.713 -0.3666 0.2291 -0.9017
-25.9315 736.604 -120.368 0.476 0.4267 -0.395 0.1452 -0.9071
6.1883 737.093 -137.25 0.544 0.4267 -0.3909 0.1517 -0.9078
43.4813 736.996 -149.388 0.612 0.4267 -0.0106 0.1659 -0.9861
24.3997 364.567 -207.596 0.5905 0.713 -0.165 0.2497 -0.9542
24.3997 364.567 -207.596 0.5905 0.713 -0.165 0.2497 -0.9542
-11.4314 364.039 -188.254 0.5315 0.713 -0.4598 0.2555 -0.8505
6.1883 737.093 -137.25 0.544 0.4267 -0.3909 0.1517 -0.9078
43.4813 736.996 -149.388 0.612 0.4267 -0.0106 0.1659 -0.9861
79.6994 734.886 -138.544 0.68 0.4267 0.6206 0.1092 -0.7765
62.2128 363.642 -205.025 0.6496 0.713 0.5114 0.1804 -0.8402
62.2128 363.642 -205.025 0.6496 0.713 0.5114 0.1804 -0.8402
24.3997 364.567 -207.596 0.5905 0.713 -0.165 0.2497 -0.9542
43.4813 736.996 -149.388 0.612 0.4267 -0.0106 0.1659 -0.9861
79.6994 734.886 -138.544 0.68 0.4267 0.6206 0.1092 -0.7765
86.3018 360.624 -165.73 0.7086 0.713 0.7124 0.1533 -0.6848
62.2128 363.642 -205.025 0.6496 0.713 0.5114 0.1804 -0.8402
102.133 730.994 -102.786 0.748 0.4267 0.7281 0.0873 -0.6799
114.076 358.916 -147.895 0.7677 0.713 0.5776 0.1868 -0.7947
86.3018 360.624 -165.73 0.7086 0.713 0.7124 0.1533 -0.6848
86.3018 360.624 -165.73 0.7086 0.713 0.7124 0.1533 -0.6848
79.6994 734.886 -138.544 0.68 0.4267 0.6206 0.1092 -0.7765
102.133 730.994 -102.786 0.748 0.4267 0.7281 0.0873 -0.6799
128.739 728.415 -83.2669 0.816 0.4267 0.6571 0.1097 -0.7458
139.594 357.089 -127.505 0.8267 0.713 0.6769 0.1756 -0.7149
114.076 358.916 -147.895 0.7677 0.713 0.5776 0.1868 -0.7947
114.076 358.916 -147.895 0.7677 0.713 0.5776 0.1868 -0.7947
102.133 730.994 -102.786 0.748 0.4267 0.7281 0.0873 -0.6799
128.739 728.415 -83.2669 0.816 0.4267 0.6571 0.1097 -0.7458
151.849 725.592 -59.7597 0.884 0.4267 0.7071 0.1035 -0.6995
162.141 355.111 -103.867 0.8858 0.713 0.7144 0.1497 -0.6836
139.594 357.089 -127.505 0.8267 0.713 0.6769 0.1756 -0.7149
139.594 357.089 -127.505 0.8267 0.713 0.6769 0.1756 -0.7149
128.739 728.415 -83.2669 0.816 0.4267 0.6571 0.1097 -0.7458
151.849 725.592 -59.7597 0.884 0.4267 0.7071 0.1035 -0.6995
151.849 725.592 -59.7597 0.884 0.4267 0.7071 0.1035 -0.6995
176.748 722.66 -35.6583 0.952 0.4267 0.7353 0.1051 -0.6695
186.662 353.085 -80.0826 0.9448 0.713 0.6832 0.1661 -0.7111
186.662 353.085 -80.0826 0.9448 0.713 0.6832 0.1661 -0.7111
162.141 355.111 -103.867 0.8858 0.713 0.7144 0.1497 -0.6836
151.849 725.592 -59.7597 0.884 0.4267 0.7071 0.1035 -0.6995
176.748 722.66 -35.6583 0.952 0.4267 0.7353 0.1051 -0.6695
200.348 719.348 -6.833 1.02 0.4267 0.8974 0.0921 -0.4315
213.327 350.834 -53.4801 1.0039 0.713 0.8408 0.1875 -0.5079
213.327 350.834 -53.4801 1.0039 0.713 0.8408 0.1875 -0.5079
186.662 353.085 -80.0826 0.9448 0.713 0.6832 0.1661 -0.7111
176.748 722.66 -35.6583 0.952 0.4267 0.7353 0.1051 -0.6695
200.348 719.348 -6.833 1.02 0.4267 0.8974 0.0921 -0.4315
208.404 715.903 28.9965 1.088 0.4267 0.9983 0.0578 -0.0055
225.61 348.36 -18.9512 1.0629 0.713 0.9827 0.1111 -0.1479
225.61 348.36 -18.9512 1.0629 0.713 0.9827 0.1111 -0.1479
213.327 350.834 -53.4801 1.0039 0.713 0.8408 0.1875 -0.5079
200.348 719.348 -6.833 1.02 0.4267 0.8974 0.0921 -0.4315
208.404 715.903 28.9965 1.088 0.4267 0.9983 0.0578 -0.0055
200.99 712.919 65.1381 1.156 0.4267 0.9261 0.0171 0.377
225.986 345.989 17.7017 1.122 0.713 0.9703 0.0714 0.2311
225.986 345.989 17.7017 1.122 0.713 0.9703 0.0714 0.2311
225.61 348.36 -18.9512 1.0629 0.713 0.9827 0.1111 -0.1479
208.404 715.903 28.9965 1.088 0.4267 0.9983 0.0578 -0.0055
200.99 712.919 65.1381 1.156 0.4267 0.9261 0.0171 0.377
207.472 344.19 51.3517 1.1811 0.713 0.8816 0.0739 0.4661
225.986 345.989 17.7017 1.122 0.713 0.9703 0.0714 0.2311
181.678 710.755 96.2846 1.224 0.4267 0.8875 0.0033 0.4608
192.256 342.537 81.7187 1.2401 0.713 0.9006 0.0966 0.4237
207.472 344.19 51.3517 1.1811 0.713 0.8816 0.0739 0.4661
207.472 344.19 51.3517 1.1811 0.713 0.8816 0.0739 0.4661
200.99 712.919 65.1381 1.156 0.4267 0.9261 0.0171 0.377
181.678 710.755 96.2846 1.224 0.4267 0.8875 0.0033 0.4608
168.67 708.472 126.538 1.292 0.4267 0.9513 0.0145 0.308
178.9 340.89 111.408 1.2992 0.713 0.9476 0.1195 0.2961
192.256 342.537 81.7187 1.2401 0.713 0.9006 0.0966 0.4237
192.256 342.537 81.7187 1.2401 0.713 0.9006 0.0966 0.4237
181.678 710.755 96.2846 1.224 0.4267 0.8875 0.0033 0.4608
168.67 708.472 126.538 1.292 0.4267 0.9513 0.0145 0.308
160.963 705.552 162.072 1.36 0.4267 0.9551 0.0207 0.2954
172.597 338.684 147.584 1.3582 0.713 0.9612 0.1372 0.2395
178.9 340.89 111.408 1.2992 0.713 0.9476 0.1195 0.2961
178.9 340.89 111.408 1.2992 0.713 0.9476 0.1195 0.2961
168.67 708.472 126.538 1.292 0.4267 0.9513 0.0145 0.308
160.963 705.552 162.072 1.36 0.4267 0.9551 0.0207 0.2954
160.963 705.552 162.072 1.36 0.4267 0.9551 0.0207 0.2954
145.859 702.8 198.328 1.428 0.4267 0.785 0.0145 0.6193
160.245 336.48 185.599 1.4173 0.713 0.8231 0.1338 0.5519
160.245 336.48 185.599 1.4173 0.713 0.8231 0.1338 0.5519
172.597 338.684 147.584 1.3582 0.713 0.9612 0.1372 0.2395
160.963 705.552 162.072 1.36 0.4267 0.9551 0.0207 0.2954
145.859 702.8 198.328 1.428 0.4267 0.785 0.0145 0.6193
114.969 701.791 220.625 1.496 0.4267 0.3006 0.0049 0.9538
131.847 335.417 210.908 1.4763 0.713 0.4983 0.1343 0.8565
131.847 335.417 210.908 1.4763 0.713 0.4983 0.1343 0.8565
160.245 336.48 185.599 1.4173 0.713 0.8231 0.1338 0.5519
145.859 702.8 198.328 1.428 0.4267 0.785 0.0145 0.6193
114.969 701.791 220.625 1.496 0.4267 0.3006 0.0049 0.9538
74.6072 703.112 220.098 1.564 0.4267 -0.0322 -0.011 0.9994
95.2419 335.426 222.177 1.5354 0.713 -0.013 0.1222 0.9924
95.2419 335.426 222.177 1.5354 0.713 -0.013 0.1222 0.9924
131.847 335.417 210.908 1.4763 0.713 0.4983 0.1343 0.8565
114.969 701.791 220.625 1.496 0.4267 0.3006 0.0049 0.9538
74.6072 703.112 220.098 1.564 0.4267 -0.0322 -0.011 0.9994
54.1458 337.047 209.822 1.5944 0.713 -0.0431 0.1447 0.9885
95.2419 335.426 222.177 1.5354 0.713 -0.013 0.1222 0.9924
39.436 704.319 219.028 1.632 0.4267 0.0184 -0.0208 0.9996
21.7497 337.403 214.398 1.6535 0.713 0.0818 0.1805 0.9802
54.1458 337.047 209.822 1.5944 0.713 -0.0431 0.1447 0.9885
54.1458 337.047 209.822 1.5944 0.713 -0.0431 0.1447 0.9885
74.6072 703.112 220.098 1.564 0.4267 -0.0322 -0.011 0.9994
39.436 704.319 219.028 1.632 0.4267 0.0184 -0.0208 0.9996
6.4406 705.185 221.002 1.7 0.4267 0.0775 -0.0178 0.9968
-10.9563 338.003 215.275 1.7125 0.713 0.091 0.1815 0.9792
21.7497 337.403 214.398 1.6535 0.713 0.0818 0.1805 0.9802
21.7497 337.403 214.398 1.6535 0.713 0.0818 0.1805 0.9802
39.436 704.319 219.028 1.632 0.4267 0.0184 -0.0208 0.9996
6.4406 705.185 221.002 1.7 0.4267 0.0775 -0.0178 0.9968
-28.2686 705.975 224.436 1.768 0.4267 -0.0013 -0.0126 0.9999
-45.92 338.382 220.283 1.7716 0.713 0.0272 0.2008 0.9793
-10.9563 338.003 215.275 1.7125 0.713 0.091 0.1815 0.9792
-10.9563 338.003 215.275 1.7125 0.713 0.091 0.1815 0.9792
6.4406 705.185 221.002 1.7 0.4267 0.0775 -0.0178 0.9968
-28.2686 705.975 224.436 1.768 0.4267 -0.0013 -0.0126 0.9999
-28.2686 705.975 224.436 1.768 0.4267 -0.0013 -0.0126 0.9999
-64.4045 707.459 220.587 1.836 0.4267 -0.3035 0.0072 0.9528
-82.0307 339.323 216.93 1.8306 0.713 -0.2726 0.2037 0.9403
-82.0307 339.323 216.93 1.8306 0.713 -0.2726 0.2037 0.9403
-45.92 338.382 220.283 1.7716 0.713 0.0272 0.2008 0.9793
-28.2686 705.975 224.436 1.768 0.4267 -0.0013 -0.0126 0.9999
-64.4045 707.459 220.587 1.836 0.4267 -0.3035 0.0072 0.9528
-95.9261 710.034 202.851 1.904 0.4267 -0.6851 0.0399 0.7273
-114.2 341.015 200.709 1.8897 0.713 -0.5749 0.1951 0.7947
-114.2 341.015 200.709 1.8897 0.713 -0.5749 0.1951 0.7947
-82.0307 339.323 216.93 1.8306 0.713 -0.2726 0.2037 0.9403
-64.4045 707.459 220.587 1.836 0.4267 -0.3035 0.0072 0.9528
-95.9261 710.034 202.851 1.904 0.4267 -0.6851 0.0399 0.7273
-115.59 713.413 171.883 1.972 0.4267 -0.8668 0.0524 0.4959
-139.481 343.175 175.09 1.9487 0.713 -0.8309 0.2054 0.5172
-139.481 343.175 175.09 1.9487 0.713 -0.8309 0.2054 0.5172
-114.2 341.015 200.709 1.8897 0.713 -0.5749 0.1951 0.7947
-95.9261 710.034 202.851 1.904 0.4267 -0.6851 0.0399 0.7273
-115.59 713.413 171.883 1.972 0.4267 -0.8668 0.0524 0.4959
-131.275 716.605 141.595 2.04 0.4267 -0.8863 0.0484 0.4605
-151.206 345.695 139.667 2.0078 0.713 -0.884 0.1969 0.4239
-151.206 345.695 139.667 2.0078 0.713 -0.884 0.1969 0.4239
-139.481 343.175 175.09 1.9487 0.713 -0.8309 0.2054 0.5172
-115.59 713.413 171.883 1.972 0.4267 -0.8668 0.0524 0.4959
-131.275 716.605 141.595 2.04 0.4267 -0.8863 0.0484 0.4605
-168.038 347.838 111.686 2.0668 0.713 -0.8588 0.2091 0.4677
-151.206 345.695 139.667 2.0078 0.713 -0.884 0.1969 0.4239
-146.091 719.684 112.271 2.108 0.4267 -0.9268 0.0597 0.3707
-181.098 350.021 81.8982 2.1259 0.713 -0.9194 0.224 0.3235
-168.038 347.838 111.686 2.0668 0.713 -0.8588 0.2091 0.4677
-168.038 347.838 111.686 2.0668 0.713 -0.8588 0.2091 0.4677
-131.275 716.605 141.595 2.04 0.4267 -0.8863 0.0484 0.4605
-146.091 719.684 112.271 2.108 0.4267 -0.9268 0.0597 0.3707
-155.256 722.779 80.7633 2.176 0.4267 -0.9786 0.075 0.1915
-188.973 352.214 50.352 2.1849 0.713 -0.9651 0.2089 0.1577
-181.098 350.021 81.8982 2.1259 0.713 -0.9194 0.224 0.3235
-181.098 350.021 81.8982 2.1259 0.713 -0.9194 0.224 0.3235
-146.091 719.684 112.271 2.108 0.4267 -0.9268 0.0597 0.3707
-155.256 722.779 80.7633 2.176 0.4267 -0.9786 0.075 0.1915
-158.241 725.782 48.0979 2.244 0.4267 -0.9959 0.0893 0.0113
-191.52 354.355 17.9537 2.244 0.713 -0.9785 0.2052 0.0184
-188.973 352.214 50.352 2.1849 0.713 -0.9651 0.2089 0.1577
-188.973 352.214 50.352 2.1849 0.713 -0.9651 0.2089 0.1577
-155.256 722.779 80.7633 2.176 0.4267 -0.9786 0.075 0.1915
-158.241 725.782 48.0979 2.244 0.4267 -0.9959 0.0893 0.0113
