Vertex Count: 600

Data:

-39.9955 -0.3524 -39.9955 0.1 0.9 -0.0283 0.9996 0.0041
-50.9512 0 -50.9512 0 1 -0.0301 0.9976 0.0622
-49.9955 -0.6904 -40.9512 0 0.9 -0.0453 0.9987 0.0242
-50.9512 0 -50.9512 0 1 -0.0301 0.9976 0.0622
-39.9955 -0.3524 -39.9955 0.1 0.9 -0.0283 0.9996 0.0041
-40.9512 0.1474 -49.9955 0.1 1 -0.0437 0.9966 0.0692
-29.9956 0.0107 -39.6368 0.2 0.9 -0.06 0.9974 0.0395
-40.9512 0.1474 -49.9955 0.1 1 -0.0437 0.9966 0.0692
-39.9955 -0.3524 -39.9955 0.1 0.9 -0.0283 0.9996 0.0041
-40.9512 0.1474 -49.9955 0.1 1 -0.0437 0.9966 0.0692
-29.9956 0.0107 -39.6368 0.2 0.9 -0.06 0.9974 0.0395
-30.9512 1.1869 -49.6368 0.2 1 -0.058 0.9936 0.0969
-19.9956 0.6187 -40.2079 0.3 0.9 -0.0416 0.9991 0.0051
-30.9512 1.1869 -49.6368 0.2 1 -0.058 0.9936 0.0969
-29.9956 0.0107 -39.6368 0.2 0.9 -0.06 0.9974 0.0395
-30.9512 1.1869 -49.6368 0.2 1 -0.058 0.9936 0.0969
-19.9956 0.6187 -40.2079 0.3 0.9 -0.0416 0.9991 0.0051
-20.9512 0.7277 -50.2079 0.3 1 0.0034 1 0.0015
-9.9955 1.2765 -39.4283 0.4 0.9 0.0012 1 0.0095
-20.9512 0.7277 -50.2079 0.3 1 0.0034 1 0.0015
-19.9956 0.6187 -40.2079 0.3 0.9 -0.0416 0.9991 0.0051
-20.9512 0.7277 -50.2079 0.3 1 0.0034 1 0.0015
-9.9955 1.2765 -39.4283 0.4 0.9 0.0012 1 0.0095
-10.9512 0.9972 -49.4283 0.4 1 0.0012 0.9997 -0.0232
0.0045 0.8484 -39.2468 0.5 0.9 0.0288 0.9995 0.0107
-10.9512 0.9972 -49.4283 0.4 1 0.0012 0.9997 -0.0232
-9.9955 1.2765 -39.4283 0.4 0.9 0.0012 1 0.0095
-10.9512 0.9972 -49.4283 0.4 1 0.0012 0.9997 -0.0232
0.0045 0.8484 -39.2468 0.5 0.9 0.0288 0.9995 0.0107
-0.9512 0.781 -49.2468 0.5 1 0.0517 0.9985 -0.0201
10.0045 0.174 -38.7967 0.6 0.9 0.0702 0.9945 -0.0778
-0.9512 0.781 -49.2468 0.5 1 0.0517 0.9985 -0.0201
0.0045 0.8484 -39.2468 0.5 0.9 0.0288 0.9995 0.0107
-0.9512 0.781 -49.2468 0.5 1 0.0517 0.9985 -0.0201
10.0045 0.174 -38.7967 0.6 0.9 0.0702 0.9945 -0.0778
9.0488 -0.2596 -48.7967 0.6 1 0.0616 0.9978 -0.0257
20.0044 -0.441 -39.4331 0.7 0.9 0.0059 0.9997 -0.0232
9.0488 -0.2596 -48.7967 0.6 1 0.0616 0.9978 -0.0257
10.0045 0.174 -38.7967 0.6 0.9 0.0702 0.9945 -0.0778
9.0488 -0.2596 -48.7967 0.6 1 0.0616 0.9978 -0.0257
20.0044 -0.441 -39.4331 0.7 0.9 0.0059 0.9997 -0.0232
19.0488 0.1095 -49.4331 0.7 1 -0.031 0.998 0.0554
30.0044 -0.1339 -38.7946 0.8 0.9 -0.007 1 -0.0037
19.0488 0.1095 -49.4331 0.7 1 -0.031 0.998 0.0554
20.0044 -0.441 -39.4331 0.7 0.9 0.0059 0.9997 -0.0232
19.0488 0.1095 -49.4331 0.7 1 -0.031 0.998 0.0554
30.0044 -0.1339 -38.7946 0.8 0.9 -0.007 1 -0.0037
29.0488 0.3101 -48.7946 0.8 1 -0.0067 0.9989 0.0459
40.0045 -0.2706 -38.9063 0.9 0.9 -0.0004 1 -0.0072
29.0488 0.3101 -48.7946 0.8 1 -0.0067 0.9989 0.0459
30.0044 -0.1339 -38.7946 0.8 0.9 -0.007 1 -0.0037
29.0488 0.3101 -48.7946 0.8 1 -0.0067 0.9989 0.0459
40.0045 -0.2706 -38.9063 0.9 0.9 -0.0004 1 -0.0072
39.0488 0.213 -48.9063 0.9 1 0.0092 0.9991 0.0412
50.0045 -0.2203 -38.868 1 0.9 0.0014 0.9996 -0.029
39.0488 0.213 -48.9063 0.9 1 0.0092 0.9991 0.0412
40.0045 -0.2706 -38.9063 0.9 0.9 -0.0004 1 -0.0072
39.0488 0.213 -48.9063 0.9 1 0.0092 0.9991 0.0412
50.0045 -0.2203 -38.868 1 0.9 0.0014 0.9996 -0.029
49.0488 0 -48.868 1 1 0.0212 0.9996 0.02
-39.6368 0.2215 -29.9956 0.1 0.8 -0.0155 0.9997 -0.0173
-49.9955 -0.6904 -40.9512 0 0.9 -0.0453 0.9987 0.0242
-49.6368 -0.5246 -30.9512 0 0.8 -0.0512 0.9981 -0.0343
-49.9955 -0.6904 -40.9512 0 0.9 -0.0453 0.9987 0.0242
-39.6368 0.2215 -29.9956 0.1 0.8 -0.0155 0.9997 -0.0173
-39.9955 -0.3524 -39.9955 0.1 0.9 -0.0283 0.9996 0.0041
-29.6368 0.187 -29.6368 0.2 0.8 -0.0527 0.9982 0.03
-39.9955 -0.3524 -39.9955 0.1 0.9 -0.0283 0.9996 0.0041
-39.6368 0.2215 -29.9956 0.1 0.8 -0.0155 0.9997 -0.0173
-39.9955 -0.3524 -39.9955 0.1 0.9 -0.0283 0.9996 0.0041
-29.6368 0.187 -29.6368 0.2 0.8 -0.0527 0.9982 0.03
-29.9956 0.0107 -39.6368 0.2 0.9 -0.06 0.9974 0.0395
-19.6368 1.1381 -30.2079 0.3 0.8 -0.0365 0.9992 0.0149
-29.9956 0.0107 -39.6368 0.2 0.9 -0.06 0.9974 0.0395
-29.6368 0.187 -29.6368 0.2 0.8 -0.0527 0.9982 0.03
-29.9956 0.0107 -39.6368 0.2 0.9 -0.06 0.9974 0.0395
-19.6368 1.1381 -30.2079 0.3 0.8 -0.0365 0.9992 0.0149
-19.9956 0.6187 -40.2079 0.3 0.9 -0.0416 0.9991 0.0051
-9.6368 1.0571 -29.4283 0.4 0.8 0.0339 0.999 0.0307
-19.9956 0.6187 -40.2079 0.3 0.9 -0.0416 0.9991 0.0051
-19.6368 1.1381 -30.2079 0.3 0.8 -0.0365 0.9992 0.0149
-19.9956 0.6187 -40.2079 0.3 0.9 -0.0416 0.9991 0.0051
-9.6368 1.0571 -29.4283 0.4 0.8 0.0339 0.999 0.0307
-9.9955 1.2765 -39.4283 0.4 0.9 0.0012 1 0.0095
0.3632 -0.0227 -29.2468 0.5 0.8 -0.0163 0.9994 0.0298
-9.9955 1.2765 -39.4283 0.4 0.9 0.0012 1 0.0095
-9.6368 1.0571 -29.4283 0.4 0.8 0.0339 0.999 0.0307
-9.9955 1.2765 -39.4283 0.4 0.9 0.0012 1 0.0095
0.3632 -0.0227 -29.2468 0.5 0.8 -0.0163 0.9994 0.0298
0.0045 0.8484 -39.2468 0.5 0.9 0.0288 0.9995 0.0107
10.3632 1.3296 -28.7967 0.6 0.8 -0.0086 0.9998 -0.0191
0.0045 0.8484 -39.2468 0.5 0.9 0.0288 0.9995 0.0107
0.3632 -0.0227 -29.2468 0.5 0.8 -0.0163 0.9994 0.0298
0.0045 0.8484 -39.2468 0.5 0.9 0.0288 0.9995 0.0107
10.3632 1.3296 -28.7967 0.6 0.8 -0.0086 0.9998 -0.0191
10.0045 0.174 -38.7967 0.6 0.9 0.0702 0.9945 -0.0778
20.3632 0.4947 -29.4331 0.7 0.8 0.0361 0.9971 -0.0673
10.0045 0.174 -38.7967 0.6 0.9 0.0702 0.9945 -0.0778
10.3632 1.3296 -28.7967 0.6 0.8 -0.0086 0.9998 -0.0191
10.0045 0.174 -38.7967 0.6 0.9 0.0702 0.9945 -0.0778
20.3632 0.4947 -29.4331 0.7 0.8 0.0361 0.9971 -0.0673
20.0044 -0.441 -39.4331 0.7 0.9 0.0059 0.9997 -0.0232
30.3632 0.3882 -28.7946 0.8 0.8 0.0044 0.9973 -0.0738
20.0044 -0.441 -39.4331 0.7 0.9 0.0059 0.9997 -0.0232
20.3632 0.4947 -29.4331 0.7 0.8 0.0361 0.9971 -0.0673
20.0044 -0.441 -39.4331 0.7 0.9 0.0059 0.9997 -0.0232
30.3632 0.3882 -28.7946 0.8 0.8 0.0044 0.9973 -0.0738
30.0044 -0.1339 -38.7946 0.8 0.9 -0.007 1 -0.0037
40.3632 0.2695 -28.9063 0.9 0.8 -0.0038 0.9976 -0.0695
30.0044 -0.1339 -38.7946 0.8 0.9 -0.007 1 -0.0037
30.3632 0.3882 -28.7946 0.8 0.8 0.0044 0.9973 -0.0738
30.0044 -0.1339 -38.7946 0.8 0.9 -0.007 1 -0.0037
40.3632 0.2695 -28.9063 0.9 0.8 -0.0038 0.9976 -0.0695
40.0045 -0.2706 -38.9063 0.9 0.9 -0.0004 1 -0.0072
50.3632 0.6532 -28.868 1 0.8 -0.0298 0.9983 -0.0498
40.0045 -0.2706 -38.9063 0.9 0.9 -0.0004 1 -0.0072
40.3632 0.2695 -28.9063 0.9 0.8 -0.0038 0.9976 -0.0695
40.0045 -0.2706 -38.9063 0.9 0.9 -0.0004 1 -0.0072
50.3632 0.6532 -28.868 1 0.8 -0.0298 0.9983 -0.0498
50.0045 -0.2203 -38.868 1 0.9 0.0014 0.9996 -0.029
-40.2079 0.3536 -19.9956 0.1 0.7 0.0266 0.9996 0.0057
-49.6368 -0.5246 -30.9512 0 0.8 -0.0512 0.9981 -0.0343
-50.2079 0.4527 -20.9512 0 0.7 0.0098 0.9999 -0.0141
-49.6368 -0.5246 -30.9512 0 0.8 -0.0512 0.9981 -0.0343
-40.2079 0.3536 -19.9956 0.1 0.7 0.0266 0.9996 0.0057
-39.6368 0.2215 -29.9956 0.1 0.8 -0.0155 0.9997 -0.0173
-30.2079 -0.6908 -19.6368 0.2 0.7 0.0084 0.9999 0.0057
-39.6368 0.2215 -29.9956 0.1 0.8 -0.0155 0.9997 -0.0173
-40.2079 0.3536 -19.9956 0.1 0.7 0.0266 0.9996 0.0057
-39.6368 0.2215 -29.9956 0.1 0.8 -0.0155 0.9997 -0.0173
-30.2079 -0.6908 -19.6368 0.2 0.7 0.0084 0.9999 0.0057
-29.6368 0.187 -29.6368 0.2 0.8 -0.0527 0.9982 0.03
-20.2079 0.3582 -20.2079 0.3 0.7 -0.0505 0.9967 0.0629
-29.6368 0.187 -29.6368 0.2 0.8 -0.0527 0.9982 0.03
-30.2079 -0.6908 -19.6368 0.2 0.7 0.0084 0.9999 0.0057
-29.6368 0.187 -29.6368 0.2 0.8 -0.0527 0.9982 0.03
-20.2079 0.3582 -20.2079 0.3 0.7 -0.0505 0.9967 0.0629
-19.6368 1.1381 -30.2079 0.3 0.8 -0.0365 0.9992 0.0149
-10.2079 0.198 -19.4283 0.4 0.7 0.0056 0.9987 0.0503
-19.6368 1.1381 -30.2079 0.3 0.8 -0.0365 0.9992 0.0149
-20.2079 0.3582 -20.2079 0.3 0.7 -0.0505 0.9967 0.0629
-19.6368 1.1381 -30.2079 0.3 0.8 -0.0365 0.9992 0.0149
-10.2079 0.198 -19.4283 0.4 0.7 0.0056 0.9987 0.0503
-9.6368 1.0571 -29.4283 0.4 0.8 0.0339 0.999 0.0307
-0.2079 0.306 -19.2468 0.5 0.7 -0.0175 0.9994 0.0299
-9.6368 1.0571 -29.4283 0.4 0.8 0.0339 0.999 0.0307
-10.2079 0.198 -19.4283 0.4 0.7 0.0056 0.9987 0.0503
-9.6368 1.0571 -29.4283 0.4 0.8 0.0339 0.999 0.0307
-0.2079 0.306 -19.2468 0.5 0.7 -0.0175 0.9994 0.0299
0.3632 -0.0227 -29.2468 0.5 0.8 -0.0163 0.9994 0.0298
9.7921 0.9002 -18.7967 0.6 0.7 -0.0463 0.9983 0.0343
0.3632 -0.0227 -29.2468 0.5 0.8 -0.0163 0.9994 0.0298
-0.2079 0.306 -19.2468 0.5 0.7 -0.0175 0.9994 0.0299
0.3632 -0.0227 -29.2468 0.5 0.8 -0.0163 0.9994 0.0298
9.7921 0.9002 -18.7967 0.6 0.7 -0.0463 0.9983 0.0343
10.3632 1.3296 -28.7967 0.6 0.8 -0.0086 0.9998 -0.0191
19.7921 0.6761 -19.4331 0.7 0.7 0.0092 0.9998 -0.0164
10.3632 1.3296 -28.7967 0.6 0.8 -0.0086 0.9998 -0.0191
9.7921 0.9002 -18.7967 0.6 0.7 -0.0463 0.9983 0.0343
10.3632 1.3296 -28.7967 0.6 0.8 -0.0086 0.9998 -0.0191
19.7921 0.6761 -19.4331 0.7 0.7 0.0092 0.9998 -0.0164
20.3632 0.4947 -29.4331 0.7 0.8 0.0361 0.9971 -0.0673
29.7921 1.1665 -18.7946 0.8 0.7 -0.0274 0.9996 -0.0006
20.3632 0.4947 -29.4331 0.7 0.8 0.0361 0.9971 -0.0673
19.7921 0.6761 -19.4331 0.7 0.7 0.0092 0.9998 -0.0164
20.3632 0.4947 -29.4331 0.7 0.8 0.0361 0.9971 -0.0673
29.7921 1.1665 -18.7946 0.8 0.7 -0.0274 0.9996 -0.0006
30.3632 0.3882 -28.7946 0.8 0.8 0.0044 0.9973 -0.0738
39.7921 1.3481 -18.9063 0.9 0.7 0.0075 0.9996 -0.0289
30.3632 0.3882 -28.7946 0.8 0.8 0.0044 0.9973 -0.0738
29.7921 1.1665 -18.7946 0.8 0.7 -0.0274 0.9996 -0.0006
30.3632 0.3882 -28.7946 0.8 0.8 0.0044 0.9973 -0.0738
39.7921 1.3481 -18.9063 0.9 0.7 0.0075 0.9996 -0.0289
40.3632 0.2695 -28.9063 0.9 0.8 -0.0038 0.9976 -0.0695
49.7921 0.9286 -18.868 1 0.7 0.0222 0.9991 -0.037
40.3632 0.2695 -28.9063 0.9 0.8 -0.0038 0.9976 -0.0695
39.7921 1.3481 -18.9063 0.9 0.7 0.0075 0.9996 -0.0289
40.3632 0.2695 -28.9063 0.9 0.8 -0.0038 0.9976 -0.0695
49.7921 0.9286 -18.868 1 0.7 0.0222 0.9991 -0.037
50.3632 0.6532 -28.868 1 0.8 -0.0298 0.9983 -0.0498
-39.4283 -0.4216 -9.9955 0.1 0.6 -0.0209 0.9996 0.0194
-50.2079 0.4527 -20.9512 0 0.7 0.0098 0.9999 -0.0141
-49.4283 -0.3855 -10.9512 0 0.6 -0.0237 0.9985 0.0493
-50.2079 0.4527 -20.9512 0 0.7 0.0098 0.9999 -0.0141
-39.4283 -0.4216 -9.9955 0.1 0.6 -0.0209 0.9996 0.0194
-40.2079 0.3536 -19.9956 0.1 0.7 0.0266 0.9996 0.0057
-29.4283 0.0416 -9.6368 0.2 0.6 0.0091 0.9995 -0.0308
-40.2079 0.3536 -19.9956 0.1 0.7 0.0266 0.9996 0.0057
-39.4283 -0.4216 -9.9955 0.1 0.6 -0.0209 0.9996 0.0194
-40.2079 0.3536 -19.9956 0.1 0.7 0.0266 0.9996 0.0057
-29.4283 0.0416 -9.6368 0.2 0.6 0.0091 0.9995 -0.0308
-30.2079 -0.6908 -19.6368 0.2 0.7 0.0084 0.9999 0.0057
-19.4283 -0.1707 -10.2079 0.3 0.6 -0.0263 0.9996 0.0096
-30.2079 -0.6908 -19.6368 0.2 0.7 0.0084 0.9999 0.0057
-29.4283 0.0416 -9.6368 0.2 0.6 0.0091 0.9995 -0.0308
-30.2079 -0.6908 -19.6368 0.2 0.7 0.0084 0.9999 0.0057
-19.4283 -0.1707 -10.2079 0.3 0.6 -0.0263 0.9996 0.0096
-20.2079 0.3582 -20.2079 0.3 0.7 -0.0505 0.9967 0.0629
-9.4283 0.1148 -9.4283 0.4 0.6 0.004 0.9998 -0.0215
-20.2079 0.3582 -20.2079 0.3 0.7 -0.0505 0.9967 0.0629
-19.4283 -0.1707 -10.2079 0.3 0.6 -0.0263 0.9996 0.0096
-20.2079 0.3582 -20.2079 0.3 0.7 -0.0505 0.9967 0.0629
-9.4283 0.1148 -9.4283 0.4 0.6 0.004 0.9998 -0.0215
-10.2079 0.198 -19.4283 0.4 0.7 0.0056 0.9987 0.0503
0.5717 -0.2605 -9.2468 0.5 0.6 -0.0081 0.9996 -0.0269
-10.2079 0.198 -19.4283 0.4 0.7 0.0056 0.9987 0.0503
-9.4283 0.1148 -9.4283 0.4 0.6 0.004 0.9998 -0.0215
-10.2079 0.198 -19.4283 0.4 0.7 0.0056 0.9987 0.0503
0.5717 -0.2605 -9.2468 0.5 0.6 -0.0081 0.9996 -0.0269
-0.2079 0.306 -19.2468 0.5 0.7 -0.0175 0.9994 0.0299
10.5717 0.1532 -8.7967 0.6 0.6 -0.0545 0.9985 0.0052
-0.2079 0.306 -19.2468 0.5 0.7 -0.0175 0.9994 0.0299
0.5717 -0.2605 -9.2468 0.5 0.6 -0.0081 0.9996 -0.0269
-0.2079 0.306 -19.2468 0.5 0.7 -0.0175 0.9994 0.0299
10.5717 0.1532 -8.7967 0.6 0.6 -0.0545 0.9985 0.0052
9.7921 0.9002 -18.7967 0.6 0.7 -0.0463 0.9983 0.0343
20.5717 1.2589 -9.4331 0.7 0.6 -0.017 0.9998 0.0036
9.7921 0.9002 -18.7967 0.6 0.7 -0.0463 0.9983 0.0343
10.5717 0.1532 -8.7967 0.6 0.6 -0.0545 0.9985 0.0052
9.7921 0.9002 -18.7967 0.6 0.7 -0.0463 0.9983 0.0343
20.5717 1.2589 -9.4331 0.7 0.6 -0.017 0.9998 0.0036
19.7921 0.6761 -19.4331 0.7 0.7 0.0092 0.9998 -0.0164
30.5717 0.5962 -8.7946 0.8 0.6 0.0141 0.9998 -0.0126
19.7921 0.6761 -19.4331 0.7 0.7 0.0092 0.9998 -0.0164
20.5717 1.2589 -9.4331 0.7 0.6 -0.017 0.9998 0.0036
19.7921 0.6761 -19.4331 0.7 0.7 0.0092 0.9998 -0.0164
30.5717 0.5962 -8.7946 0.8 0.6 0.0141 0.9998 -0.0126
29.7921 1.1665 -18.7946 0.8 0.7 -0.0274 0.9996 -0.0006
40.5717 0.7954 -8.9063 0.9 0.6 -0.0166 0.9997 0.0156
29.7921 1.1665 -18.7946 0.8 0.7 -0.0274 0.9996 -0.0006
30.5717 0.5962 -8.7946 0.8 0.6 0.0141 0.9998 -0.0126
29.7921 1.1665 -18.7946 0.8 0.7 -0.0274 0.9996 -0.0006
40.5717 0.7954 -8.9063 0.9 0.6 -0.0166 0.9997 0.0156
39.7921 1.3481 -18.9063 0.9 0.7 0.0075 0.9996 -0.0289
50.5717 0.9653 -8.868 1 0.6 -0.0028 1 0.0036
39.7921 1.3481 -18.9063 0.9 0.7 0.0075 0.9996 -0.0289
40.5717 0.7954 -8.9063 0.9 0.6 -0.0166 0.9997 0.0156
39.7921 1.3481 -18.9063 0.9 0.7 0.0075 0.9996 -0.0289
50.5717 0.9653 -8.868 1 0.6 -0.0028 1 0.0036
49.7921 0.9286 -18.868 1 0.7 0.0222 0.9991 -0.037
-39.2468 0.0045 0.0045 0.1 0.5 -0.053 0.9986 0.0029
-49.4283 -0.3855 -10.9512 0 0.6 -0.0237 0.9985 0.0493
-49.2468 -0.9512 -0.9512 0 0.5 -0.0882 0.9956 0.0308
-49.4283 -0.3855 -10.9512 0 0.6 -0.0237 0.9985 0.0493
-39.2468 0.0045 0.0045 0.1 0.5 -0.053 0.9986 0.0029
-39.4283 -0.4216 -9.9955 0.1 0.6 -0.0209 0.9996 0.0194
-29.2468 0.3632 0.3632 0.2 0.5 -0.013 0.9997 -0.0201
-39.4283 -0.4216 -9.9955 0.1 0.6 -0.0209 0.9996 0.0194
-39.2468 0.0045 0.0045 0.1 0.5 -0.053 0.9986 0.0029
-39.4283 -0.4216 -9.9955 0.1 0.6 -0.0209 0.9996 0.0194
-29.2468 0.3632 0.3632 0.2 0.5 -0.013 0.9997 -0.0201
-29.4283 0.0416 -9.6368 0.2 0.6 0.0091 0.9995 -0.0308
-19.2468 -0.2079 -0.2079 0.3 0.5 -0.002 0.9986 -0.0523
-29.4283 0.0416 -9.6368 0.2 0.6 0.0091 0.9995 -0.0308
-29.2468 0.3632 0.3632 0.2 0.5 -0.013 0.9997 -0.0201
-29.4283 0.0416 -9.6368 0.2 0.6 0.0091 0.9995 -0.0308
-19.2468 -0.2079 -0.2079 0.3 0.5 -0.002 0.9986 -0.0523
-19.4283 -0.1707 -10.2079 0.3 0.6 -0.0263 0.9996 0.0096
-9.2468 0.5717 0.5717 0.4 0.5 -0.0422 0.9988 -0.0238
-19.4283 -0.1707 -10.2079 0.3 0.6 -0.0263 0.9996 0.0096
-19.2468 -0.2079 -0.2079 0.3 0.5 -0.002 0.9986 -0.0523
-19.4283 -0.1707 -10.2079 0.3 0.6 -0.0263 0.9996 0.0096
-9.2468 0.5717 0.5717 0.4 0.5 -0.0422 0.9988 -0.0238
-9.4283 0.1148 -9.4283 0.4 0.6 0.004 0.9998 -0.0215
0.7532 0.7532 0.7532 0.5 0.5 -0.0206 0.9984 -0.0517
-9.4283 0.1148 -9.4283 0.4 0.6 0.004 0.9998 -0.0215
-9.2468 0.5717 0.5717 0.4 0.5 -0.0422 0.9988 -0.0238
-9.4283 0.1148 -9.4283 0.4 0.6 0.004 0.9998 -0.0215
0.7532 0.7532 0.7532 0.5 0.5 -0.0206 0.9984 -0.0517
0.5717 -0.2605 -9.2468 0.5 0.6 -0.0081 0.9996 -0.0269
10.7532 1.2033 1.2033 0.6 0.5 -0.0051 0.998 -0.0631
0.5717 -0.2605 -9.2468 0.5 0.6 -0.0081 0.9996 -0.0269
0.7532 0.7532 0.7532 0.5 0.5 -0.0206 0.9984 -0.0517
0.5717 -0.2605 -9.2468 0.5 0.6 -0.0081 0.9996 -0.0269
10.7532 1.2033 1.2033 0.6 0.5 -0.0051 0.998 -0.0631
10.5717 0.1532 -8.7967 0.6 0.6 -0.0545 0.9985 0.0052
20.7532 0.5669 0.5669 0.7 0.5 -0.0098 0.9997 -0.0211
10.5717 0.1532 -8.7967 0.6 0.6 -0.0545 0.9985 0.0052
10.7532 1.2033 1.2033 0.6 0.5 -0.0051 0.998 -0.0631
10.5717 0.1532 -8.7967 0.6 0.6 -0.0545 0.9985 0.0052
20.7532 0.5669 0.5669 0.7 0.5 -0.0098 0.9997 -0.0211
20.5717 1.2589 -9.4331 0.7 0.6 -0.017 0.9998 0.0036
30.7532 1.2054 1.2054 0.8 0.5 -0.0164 0.9998 -0.0057
20.5717 1.2589 -9.4331 0.7 0.6 -0.017 0.9998 0.0036
20.7532 0.5669 0.5669 0.7 0.5 -0.0098 0.9997 -0.0211
20.5717 1.2589 -9.4331 0.7 0.6 -0.017 0.9998 0.0036
30.7532 1.2054 1.2054 0.8 0.5 -0.0164 0.9998 -0.0057
30.5717 0.5962 -8.7946 0.8 0.6 0.0141 0.9998 -0.0126
40.7532 1.0937 1.0937 0.9 0.5 0.0037 0.9998 -0.0216
30.5717 0.5962 -8.7946 0.8 0.6 0.0141 0.9998 -0.0126
30.7532 1.2054 1.2054 0.8 0.5 -0.0164 0.9998 -0.0057
30.5717 0.5962 -8.7946 0.8 0.6 0.0141 0.9998 -0.0126
40.7532 1.0937 1.0937 0.9 0.5 0.0037 0.9998 -0.0216
40.5717 0.7954 -8.9063 0.9 0.6 -0.0166 0.9997 0.0156
50.7532 1.132 1.132 1 0.5 -0.007 1 -0.0012
40.5717 0.7954 -8.9063 0.9 0.6 -0.0166 0.9997 0.0156
40.7532 1.0937 1.0937 0.9 0.5 0.0037 0.9998 -0.0216
40.5717 0.7954 -8.9063 0.9 0.6 -0.0166 0.9997 0.0156
50.7532 1.132 1.132 1 0.5 -0.007 1 -0.0012
50.5717 0.9653 -8.868 1 0.6 -0.0028 1 0.0036
-38.7967 -0.165 10.0045 0.1 0.4 -0.0375 0.9993 -0.007
-49.2468 -0.9512 -0.9512 0 0.5 -0.0882 0.9956 0.0308
-48.7967 -0.6923 9.0488 0 0.4 -0.0464 0.9985 -0.0291
-49.2468 -0.9512 -0.9512 0 0.5 -0.0882 0.9956 0.0308
-38.7967 -0.165 10.0045 0.1 0.4 -0.0375 0.9993 -0.007
-39.2468 0.0045 0.0045 0.1 0.5 -0.053 0.9986 0.0029
-28.7967 0.0349 10.3632 0.2 0.4 -0.0479 0.9984 0.0293
-39.2468 0.0045 0.0045 0.1 0.5 -0.053 0.9986 0.0029
-38.7967 -0.165 10.0045 0.1 0.4 -0.0375 0.9993 -0.007
-39.2468 0.0045 0.0045 0.1 0.5 -0.053 0.9986 0.0029
-28.7967 0.0349 10.3632 0.2 0.4 -0.0479 0.9984 0.0293
-29.2468 0.3632 0.3632 0.2 0.5 -0.013 0.9997 -0.0201
-18.7967 1.1154 9.7921 0.3 0.4 -0.0252 0.9997 -0.0061
-29.2468 0.3632 0.3632 0.2 0.5 -0.013 0.9997 -0.0201
-28.7967 0.0349 10.3632 0.2 0.4 -0.0479 0.9984 0.0293
-29.2468 0.3632 0.3632 0.2 0.5 -0.013 0.9997 -0.0201
-18.7967 1.1154 9.7921 0.3 0.4 -0.0252 0.9997 -0.0061
-19.2468 -0.2079 -0.2079 0.3 0.5 -0.002 0.9986 -0.0523
-8.7967 0.7265 10.5717 0.4 0.4 -0.0028 0.9998 -0.0207
-19.2468 -0.2079 -0.2079 0.3 0.5 -0.002 0.9986 -0.0523
-18.7967 1.1154 9.7921 0.3 0.4 -0.0252 0.9997 -0.0061
-19.2468 -0.2079 -0.2079 0.3 0.5 -0.002 0.9986 -0.0523
-8.7967 0.7265 10.5717 0.4 0.4 -0.0028 0.9998 -0.0207
-9.2468 0.5717 0.5717 0.4 0.5 -0.0422 0.9988 -0.0238
1.2033 0.9683 10.7532 0.5 0.4 -0.03 0.9995 -0.0096
-9.2468 0.5717 0.5717 0.4 0.5 -0.0422 0.9988 -0.0238
-8.7967 0.7265 10.5717 0.4 0.4 -0.0028 0.9998 -0.0207
-9.2468 0.5717 0.5717 0.4 0.5 -0.0422 0.9988 -0.0238
1.2033 0.9683 10.7532 0.5 0.4 -0.03 0.9995 -0.0096
0.7532 0.7532 0.7532 0.5 0.5 -0.0206 0.9984 -0.0517
11.2033 1.2148 11.2033 0.6 0.4 -0.0219 0.9997 -0.0103
0.7532 0.7532 0.7532 0.5 0.5 -0.0206 0.9984 -0.0517
1.2033 0.9683 10.7532 0.5 0.4 -0.03 0.9995 -0.0096
0.7532 0.7532 0.7532 0.5 0.5 -0.0206 0.9984 -0.0517
11.2033 1.2148 11.2033 0.6 0.4 -0.0219 0.9997 -0.0103
10.7532 1.2033 1.2033 0.6 0.5 -0.0051 0.998 -0.0631
21.2033 1.5963 10.5669 0.7 0.4 0.0228 0.9995 -0.0237
10.7532 1.2033 1.2033 0.6 0.5 -0.0051 0.998 -0.0631
11.2033 1.2148 11.2033 0.6 0.4 -0.0219 0.9997 -0.0103
10.7532 1.2033 1.2033 0.6 0.5 -0.0051 0.998 -0.0631
21.2033 1.5963 10.5669 0.7 0.4 0.0228 0.9995 -0.0237
20.7532 0.5669 0.5669 0.7 0.5 -0.0098 0.9997 -0.0211
31.2033 0.9643 11.2054 0.8 0.4 0.0133 0.9998 0.0114
20.7532 0.5669 0.5669 0.7 0.5 -0.0098 0.9997 -0.0211
21.2033 1.5963 10.5669 0.7 0.4 0.0228 0.9995 -0.0237
20.7532 0.5669 0.5669 0.7 0.5 -0.0098 0.9997 -0.0211
31.2033 0.9643 11.2054 0.8 0.4 0.0133 0.9998 0.0114
30.7532 1.2054 1.2054 0.8 0.5 -0.0164 0.9998 -0.0057
41.2033 1.224 11.0937 0.9 0.4 0.0024 0.9994 0.0348
30.7532 1.2054 1.2054 0.8 0.5 -0.0164 0.9998 -0.0057
31.2033 0.9643 11.2054 0.8 0.4 0.0133 0.9998 0.0114
30.7532 1.2054 1.2054 0.8 0.5 -0.0164 0.9998 -0.0057
41.2033 1.224 11.0937 0.9 0.4 0.0024 0.9994 0.0348
40.7532 1.0937 1.0937 0.9 0.5 0.0037 0.9998 -0.0216
51.2033 0.9366 11.132 1 0.4 0.0205 0.9994 0.0264
40.7532 1.0937 1.0937 0.9 0.5 0.0037 0.9998 -0.0216
41.2033 1.224 11.0937 0.9 0.4 0.0024 0.9994 0.0348
40.7532 1.0937 1.0937 0.9 0.5 0.0037 0.9998 -0.0216
51.2033 0.9366 11.132 1 0.4 0.0205 0.9994 0.0264
50.7532 1.132 1.132 1 0.5 -0.007 1 -0.0012
-39.4331 0.0886 20.0044 0.1 0.3 -0.0258 0.9996 0.014
-48.7967 -0.6923 9.0488 0 0.4 -0.0464 0.9985 -0.0291
-49.4331 -0.2923 19.0488 0 0.3 -0.022 0.9997 -0.0091
-48.7967 -0.6923 9.0488 0 0.4 -0.0464 0.9985 -0.0291
-39.4331 0.0886 20.0044 0.1 0.3 -0.0258 0.9996 0.014
-38.7967 -0.165 10.0045 0.1 0.4 -0.0375 0.9993 -0.007
-29.4331 0.0982 20.3632 0.2 0.3 -0.0012 1 0.0035
-38.7967 -0.165 10.0045 0.1 0.4 -0.0375 0.9993 -0.007
-39.4331 0.0886 20.0044 0.1 0.3 -0.0258 0.9996 0.014
-38.7967 -0.165 10.0045 0.1 0.4 -0.0375 0.9993 -0.007
-29.4331 0.0982 20.3632 0.2 0.3 -0.0012 1 0.0035
-28.7967 0.0349 10.3632 0.2 0.4 -0.0479 0.9984 0.0293
-19.4331 -0.1621 19.7921 0.3 0.3 -0.0487 0.9984 0.027
-28.7967 0.0349 10.3632 0.2 0.4 -0.0479 0.9984 0.0293
-29.4331 0.0982 20.3632 0.2 0.3 -0.0012 1 0.0035
-28.7967 0.0349 10.3632 0.2 0.4 -0.0479 0.9984 0.0293
-19.4331 -0.1621 19.7921 0.3 0.3 -0.0487 0.9984 0.027
-18.7967 1.1154 9.7921 0.3 0.4 -0.0252 0.9997 -0.0061
-9.4331 0.7933 20.5717 0.4 0.3 -0.0435 0.999 -0.0051
-18.7967 1.1154 9.7921 0.3 0.4 -0.0252 0.9997 -0.0061
-19.4331 -0.1621 19.7921 0.3 0.3 -0.0487 0.9984 0.027
-18.7967 1.1154 9.7921 0.3 0.4 -0.0252 0.9997 -0.0061
-9.4331 0.7933 20.5717 0.4 0.3 -0.0435 0.999 -0.0051
-8.7967 0.7265 10.5717 0.4 0.4 -0.0028 0.9998 -0.0207
0.5669 0.8072 20.7532 0.5 0.3 -0.0293 0.999 -0.0343
-8.7967 0.7265 10.5717 0.4 0.4 -0.0028 0.9998 -0.0207
-9.4331 0.7933 20.5717 0.4 0.3 -0.0435 0.999 -0.0051
-8.7967 0.7265 10.5717 0.4 0.4 -0.0028 0.9998 -0.0207
0.5669 0.8072 20.7532 0.5 0.3 -0.0293 0.999 -0.0343
1.2033 0.9683 10.7532 0.5 0.4 -0.03 0.9995 -0.0096
10.5669 1.5886 21.2033 0.6 0.3 -0.0155 0.9997 -0.0172
1.2033 0.9683 10.7532 0.5 0.4 -0.03 0.9995 -0.0096
0.5669 0.8072 20.7532 0.5 0.3 -0.0293 0.999 -0.0343
1.2033 0.9683 10.7532 0.5 0.4 -0.03 0.9995 -0.0096
10.5669 1.5886 21.2033 0.6 0.3 -0.0155 0.9997 -0.0172
11.2033 1.2148 11.2033 0.6 0.4 -0.0219 0.9997 -0.0103
20.5669 1.1181 20.5669 0.7 0.3 0.0262 0.9997 0.0006
11.2033 1.2148 11.2033 0.6 0.4 -0.0219 0.9997 -0.0103
10.5669 1.5886 21.2033 0.6 0.3 -0.0155 0.9997 -0.0172
11.2033 1.2148 11.2033 0.6 0.4 -0.0219 0.9997 -0.0103
20.5669 1.1181 20.5669 0.7 0.3 0.0262 0.9997 0.0006
21.2033 1.5963 10.5669 0.7 0.4 0.0228 0.9995 -0.0237
30.5669 0.9164 21.2054 0.8 0.3 0.0359 0.9993 0.0063
21.2033 1.5963 10.5669 0.7 0.4 0.0228 0.9995 -0.0237
20.5669 1.1181 20.5669 0.7 0.3 0.0262 0.9997 0.0006
21.2033 1.5963 10.5669 0.7 0.4 0.0228 0.9995 -0.0237
30.5669 0.9164 21.2054 0.8 0.3 0.0359 0.9993 0.0063
31.2033 0.9643 11.2054 0.8 0.4 0.0133 0.9998 0.0114
40.5669 0.3795 21.0937 0.9 0.3 0.0072 1 0.0066
31.2033 0.9643 11.2054 0.8 0.4 0.0133 0.9998 0.0114
30.5669 0.9164 21.2054 0.8 0.3 0.0359 0.9993 0.0063
31.2033 0.9643 11.2054 0.8 0.4 0.0133 0.9998 0.0114
40.5669 0.3795 21.0937 0.9 0.3 0.0072 1 0.0066
41.2033 1.224 11.0937 0.9 0.4 0.0024 0.9994 0.0348
50.5669 0.4512 21.132 1 0.3 0.0018 0.9999 -0.0134
41.2033 1.224 11.0937 0.9 0.4 0.0024 0.9994 0.0348
40.5669 0.3795 21.0937 0.9 0.3 0.0072 1 0.0066
41.2033 1.224 11.0937 0.9 0.4 0.0024 0.9994 0.0348
50.5669 0.4512 21.132 1 0.3 0.0018 0.9999 -0.0134
51.2033 0.9366 11.132 1 0.4 0.0205 0.9994 0.0264
-38.7946 -0.5141 30.0044 0.1 0.2 -0.0041 0.9995 -0.0311
-49.4331 -0.2923 19.0488 0 0.3 -0.022 0.9997 -0.0091
-48.7946 -0.2484 29.0488 0 0.2 0.0094 0.9994 -0.0326
-49.4331 -0.2923 19.0488 0 0.3 -0.022 0.9997 -0.0091
-38.7946 -0.5141 30.0044 0.1 0.2 -0.0041 0.9995 -0.0311
-39.4331 0.0886 20.0044 0.1 0.3 -0.0258 0.9996 0.014
-28.7946 -0.2694 30.3632 0.2 0.2 -0.0181 0.9998 -0.0122
-39.4331 0.0886 20.0044 0.1 0.3 -0.0258 0.9996 0.014
-38.7946 -0.5141 30.0044 0.1 0.2 -0.0041 0.9995 -0.0311
-39.4331 0.0886 20.0044 0.1 0.3 -0.0258 0.9996 0.014
-28.7946 -0.2694 30.3632 0.2 0.2 -0.0181 0.9998 -0.0122
-29.4331 0.0982 20.3632 0.2 0.3 -0.0012 1 0.0035
-18.7946 0.3065 29.7921 0.3 0.2 -0.0563 0.9984 0.006
-29.4331 0.0982 20.3632 0.2 0.3 -0.0012 1 0.0035
-28.7946 -0.2694 30.3632 0.2 0.2 -0.0181 0.9998 -0.0122
-29.4331 0.0982 20.3632 0.2 0.3 -0.0012 1 0.0035
-18.7946 0.3065 29.7921 0.3 0.2 -0.0563 0.9984 0.006
-19.4331 -0.1621 19.7921 0.3 0.3 -0.0487 0.9984 0.027
-8.7946 1.005 30.5717 0.4 0.2 -0.0757 0.9971 -0.0012
-19.4331 -0.1621 19.7921 0.3 0.3 -0.0487 0.9984 0.027
-18.7946 0.3065 29.7921 0.3 0.2 -0.0563 0.9984 0.006
-19.4331 -0.1621 19.7921 0.3 0.3 -0.0487 0.9984 0.027
-8.7946 1.005 30.5717 0.4 0.2 -0.0757 0.9971 -0.0012
-9.4331 0.7933 20.5717 0.4 0.3 -0.0435 0.999 -0.0051
1.2054 1.8071 30.7532 0.5 0.2 -0.015 0.9997 -0.0194
-9.4331 0.7933 20.5717 0.4 0.3 -0.0435 0.999 -0.0051
-8.7946 1.005 30.5717 0.4 0.2 -0.0757 0.9971 -0.0012
-9.4331 0.7933 20.5717 0.4 0.3 -0.0435 0.999 -0.0051
1.2054 1.8071 30.7532 0.5 0.2 -0.015 0.9997 -0.0194
0.5669 0.8072 20.7532 0.5 0.3 -0.0293 0.999 -0.0343
11.2054 1.6473 31.2033 0.6 0.2 -0.0106 0.9999 0.0105
0.5669 0.8072 20.7532 0.5 0.3 -0.0293 0.999 -0.0343
1.2054 1.8071 30.7532 0.5 0.2 -0.015 0.9997 -0.0194
0.5669 0.8072 20.7532 0.5 0.3 -0.0293 0.999 -0.0343
11.2054 1.6473 31.2033 0.6 0.2 -0.0106 0.9999 0.0105
10.5669 1.5886 21.2033 0.6 0.3 -0.0155 0.9997 -0.0172
21.2054 1.4608 30.5669 0.7 0.2 0.0545 0.9981 -0.0275
10.5669 1.5886 21.2033 0.6 0.3 -0.0155 0.9997 -0.0172
11.2054 1.6473 31.2033 0.6 0.2 -0.0106 0.9999 0.0105
10.5669 1.5886 21.2033 0.6 0.3 -0.0155 0.9997 -0.0172
21.2054 1.4608 30.5669 0.7 0.2 0.0545 0.9981 -0.0275
20.5669 1.1181 20.5669 0.7 0.3 0.0262 0.9997 0.0006
31.2054 0.8542 31.2054 0.8 0.2 0.0272 0.9995 0.0177
20.5669 1.1181 20.5669 0.7 0.3 0.0262 0.9997 0.0006
21.2054 1.4608 30.5669 0.7 0.2 0.0545 0.9981 -0.0275
20.5669 1.1181 20.5669 0.7 0.3 0.0262 0.9997 0.0006
31.2054 0.8542 31.2054 0.8 0.2 0.0272 0.9995 0.0177
30.5669 0.9164 21.2054 0.8 0.3 0.0359 0.9993 0.0063
41.2054 0.7446 31.0937 0.9 0.2 -0.0015 0.9998 0.0196
30.5669 0.9164 21.2054 0.8 0.3 0.0359 0.9993 0.0063
31.2054 0.8542 31.2054 0.8 0.2 0.0272 0.9995 0.0177
30.5669 0.9164 21.2054 0.8 0.3 0.0359 0.9993 0.0063
41.2054 0.7446 31.0937 0.9 0.2 -0.0015 0.9998 0.0196
40.5669 0.3795 21.0937 0.9 0.3 0.0072 1 0.0066
51.2054 1.3944 31.132 1 0.2 -0.0508 0.9966 0.0646
40.5669 0.3795 21.0937 0.9 0.3 0.0072 1 0.0066
41.2054 0.7446 31.0937 0.9 0.2 -0.0015 0.9998 0.0196
40.5669 0.3795 21.0937 0.9 0.3 0.0072 1 0.0066
51.2054 1.3944 31.132 1 0.2 -0.0508 0.9966 0.0646
50.5669 0.4512 21.132 1 0.3 0.0018 0.9999 -0.0134
-38.9063 0.5569 40.0045 0.1 0.1 -0.0238 0.9997 0.0042
-48.7946 -0.2484 29.0488 0 0.2 0.0094 0.9994 -0.0326
-48.9063 -0.0512 39.0488 0 0.1 -0.0421 0.9991 0.0059
-48.7946 -0.2484 29.0488 0 0.2 0.0094 0.9994 -0.0326
-38.9063 0.5569 40.0045 0.1 0.1 -0.0238 0.9997 0.0042
-38.7946 -0.5141 30.0044 0.1 0.2 -0.0041 0.9995 -0.0311
-28.9063 0.7752 40.3632 0.2 0.1 0.0207 0.9998 0.0064
-38.7946 -0.5141 30.0044 0.1 0.2 -0.0041 0.9995 -0.0311
-38.9063 0.5569 40.0045 0.1 0.1 -0.0238 0.9997 0.0042
-38.7946 -0.5141 30.0044 0.1 0.2 -0.0041 0.9995 -0.0311
-28.9063 0.7752 40.3632 0.2 0.1 0.0207 0.9998 0.0064
-28.7946 -0.2694 30.3632 0.2 0.2 -0.0181 0.9998 -0.0122
-18.9063 -0.17 39.7921 0.3 0.1 -0.0175 0.9995 0.0252
-28.7946 -0.2694 30.3632 0.2 0.2 -0.0181 0.9998 -0.0122
-28.9063 0.7752 40.3632 0.2 0.1 0.0207 0.9998 0.0064
-28.7946 -0.2694 30.3632 0.2 0.2 -0.0181 0.9998 -0.0122
-18.9063 -0.17 39.7921 0.3 0.1 -0.0175 0.9995 0.0252
-18.7946 0.3065 29.7921 0.3 0.2 -0.0563 0.9984 0.006
-8.9063 0.8475 40.5717 0.4 0.1 -0.0812 0.9951 0.0572
-18.7946 0.3065 29.7921 0.3 0.2 -0.0563 0.9984 0.006
-18.9063 -0.17 39.7921 0.3 0.1 -0.0175 0.9995 0.0252
-18.7946 0.3065 29.7921 0.3 0.2 -0.0563 0.9984 0.006
-8.9063 0.8475 40.5717 0.4 0.1 -0.0812 0.9951 0.0572
-8.7946 1.005 30.5717 0.4 0.2 -0.0757 0.9971 -0.0012
1.0937 1.4922 40.7532 0.5 0.1 -0.0139 0.9986 0.0508
-8.7946 1.005 30.5717 0.4 0.2 -0.0757 0.9971 -0.0012
-8.9063 0.8475 40.5717 0.4 0.1 -0.0812 0.9951 0.0572
-8.7946 1.005 30.5717 0.4 0.2 -0.0757 0.9971 -0.0012
1.0937 1.4922 40.7532 0.5 0.1 -0.0139 0.9986 0.0508
1.2054 1.8071 30.7532 0.5 0.2 -0.015 0.9997 -0.0194
11.0937 0.8536 41.2033 0.6 0.1 -0.0179 0.9987 0.0473
1.2054 1.8071 30.7532 0.5 0.2 -0.015 0.9997 -0.0194
1.0937 1.4922 40.7532 0.5 0.1 -0.0139 0.9986 0.0508
1.2054 1.8071 30.7532 0.5 0.2 -0.015 0.9997 -0.0194
11.0937 0.8536 41.2033 0.6 0.1 -0.0179 0.9987 0.0473
11.2054 1.6473 31.2033 0.6 0.2 -0.0106 0.9999 0.0105
21.0937 1.9453 40.5669 0.7 0.1 0.0321 0.9992 0.0227
11.2054 1.6473 31.2033 0.6 0.2 -0.0106 0.9999 0.0105
11.0937 0.8536 41.2033 0.6 0.1 -0.0179 0.9987 0.0473
11.2054 1.6473 31.2033 0.6 0.2 -0.0106 0.9999 0.0105
21.0937 1.9453 40.5669 0.7 0.1 0.0321 0.9992 0.0227
21.2054 1.4608 30.5669 0.7 0.2 0.0545 0.9981 -0.0275
31.0937 0.4068 41.2054 0.8 0.1 0.0574 0.9982 0.0176
21.2054 1.4608 30.5669 0.7 0.2 0.0545 0.9981 -0.0275
21.0937 1.9453 40.5669 0.7 0.1 0.0321 0.9992 0.0227
21.2054 1.4608 30.5669 0.7 0.2 0.0545 0.9981 -0.0275
31.0937 0.4068 41.2054 0.8 0.1 0.0574 0.9982 0.0176
31.2054 0.8542 31.2054 0.8 0.2 0.0272 0.9995 0.0177
41.0937 0.5268 41.0937 0.9 0.1 0.0422 0.9991 0.0082
31.2054 0.8542 31.2054 0.8 0.2 0.0272 0.9995 0.0177
31.0937 0.4068 41.2054 0.8 0.1 0.0574 0.9982 0.0176
31.2054 0.8542 31.2054 0.8 0.2 0.0272 0.9995 0.0177
41.0937 0.5268 41.0937 0.9 0.1 0.0422 0.9991 0.0082
41.2054 0.7446 31.0937 0.9 0.2 -0.0015 0.9998 0.0196
51.0937 -0.5182 41.132 1 0.1 0.0623 0.9977 0.0267
41.2054 0.7446 31.0937 0.9 0.2 -0.0015 0.9998 0.0196
41.0937 0.5268 41.0937 0.9 0.1 0.0422 0.9991 0.0082
41.2054 0.7446 31.0937 0.9 0.2 -0.0015 0.9998 0.0196
51.0937 -0.5182 41.132 1 0.1 0.0623 0.9977 0.0267
51.2054 1.3944 31.132 1 0.2 -0.0508 0.9966 0.0646
-38.868 -0.2044 50.0045 0.1 0 0.0089 0.9984 0.0566
-48.9063 -0.0512 39.0488 0 0.1 -0.0421 0.9991 0.0059
-48.868 0 49.0488 0 0 0.0209 0.9998 -0.0052
-48.9063 -0.0512 39.0488 0 0.1 -0.0421 0.9991 0.0059
-38.868 -0.2044 50.0045 0.1 0 0.0089 0.9984 0.0566
-38.9063 0.5569 40.0045 0.1 0.1 -0.0238 0.9997 0.0042
-28.868 -0.619 50.3632 0.2 0 -0.0016 0.9925 0.1225
-38.9063 0.5569 40.0045 0.1 0.1 -0.0238 0.9997 0.0042
-38.868 -0.2044 50.0045 0.1 0 0.0089 0.9984 0.0566
-38.9063 0.5569 40.0045 0.1 0.1 -0.0238 0.9997 0.0042
-28.868 -0.619 50.3632 0.2 0 -0.0016 0.9925 0.1225
-28.9063 0.7752 40.3632 0.2 0.1 0.0207 0.9998 0.0064
-18.868 -0.4445 49.7921 0.3 0 0.0005 0.9985 0.0551
-28.9063 0.7752 40.3632 0.2 0.1 0.0207 0.9998 0.0064
-28.868 -0.619 50.3632 0.2 0 -0.0016 0.9925 0.1225
-28.9063 0.7752 40.3632 0.2 0.1 0.0207 0.9998 0.0064
-18.868 -0.4445 49.7921 0.3 0 0.0005 0.9985 0.0551
-18.9063 -0.17 39.7921 0.3 0.1 -0.0175 0.9995 0.0252
-8.868 -0.0504 50.5717 0.4 0 -0.0676 0.9949 0.0746
-18.9063 -0.17 39.7921 0.3 0.1 -0.0175 0.9995 0.0252
-18.868 -0.4445 49.7921 0.3 0 0.0005 0.9985 0.0551
-18.9063 -0.17 39.7921 0.3 0.1 -0.0175 0.9995 0.0252
-8.868 -0.0504 50.5717 0.4 0 -0.0676 0.9949 0.0746
-8.9063 0.8475 40.5717 0.4 0.1 -0.0812 0.9951 0.0572
1.132 0.5447 50.7532 0.5 0 -0.0426 0.9947 0.0932
-8.9063 0.8475 40.5717 0.4 0.1 -0.0812 0.9951 0.0572
-8.868 -0.0504 50.5717 0.4 0 -0.0676 0.9949 0.0746
-8.9063 0.8475 40.5717 0.4 0.1 -0.0812 0.9951 0.0572
1.132 0.5447 50.7532 0.5 0 -0.0426 0.9947 0.0932
1.0937 1.4922 40.7532 0.5 0.1 -0.0139 0.9986 0.0508
11.132 0.7296 51.2033 0.6 0 -0.0102 0.9994 0.0331
1.0937 1.4922 40.7532 0.5 0.1 -0.0139 0.9986 0.0508
1.132 0.5447 50.7532 0.5 0 -0.0426 0.9947 0.0932
1.0937 1.4922 40.7532 0.5 0.1 -0.0139 0.9986 0.0508
11.132 0.7296 51.2033 0.6 0 -0.0102 0.9994 0.0331
11.0937 0.8536 41.2033 0.6 0.1 -0.0179 0.9987 0.0473
21.132 1.1469 50.5669 0.7 0 0.0069 0.998 0.0629
11.0937 0.8536 41.2033 0.6 0.1 -0.0179 0.9987 0.0473
11.132 0.7296 51.2033 0.6 0 -0.0102 0.9994 0.0331
11.0937 0.8536 41.2033 0.6 0.1 -0.0179 0.9987 0.0473
21.132 1.1469 50.5669 0.7 0 0.0069 0.998 0.0629
21.0937 1.9453 40.5669 0.7 0.1 0.0321 0.9992 0.0227
31.132 0.2346 51.2054 0.8 0 0.0442 0.9985 0.0322
21.0937 1.9453 40.5669 0.7 0.1 0.0321 0.9992 0.0227
21.132 1.1469 50.5669 0.7 0 0.0069 0.998 0.0629
21.0937 1.9453 40.5669 0.7 0.1 0.0321 0.9992 0.0227
31.132 0.2346 51.2054 0.8 0 0.0442 0.9985 0.0322
31.0937 0.4068 41.2054 0.8 0.1 0.0574 0.9982 0.0176
41.132 0.512 51.0937 0.9 0 0.0157 0.9999 0.0054
31.0937 0.4068 41.2054 0.8 0.1 0.0574 0.9982 0.0176
31.132 0.2346 51.2054 0.8 0 0.0442 0.9985 0.0322
31.0937 0.4068 41.2054 0.8 0.1 0.0574 0.9982 0.0176
41.132 0.512 51.0937 0.9 0 0.0157 0.9999 0.0054
41.0937 0.5268 41.0937 0.9 0.1 0.0422 0.9991 0.0082
51.132 0 51.132 1 0 0.0777 0.9967 -0.0254
41.0937 0.5268 41.0937 0.9 0.1 0.0422 0.9991 0.0082
41.132 0.512 51.0937 0.9 0 0.0157 0.9999 0.0054
41.0937 0.5268 41.0937 0.9 0.1 0.0422 0.9991 0.0082
51.132 0 51.132 1 0 0.0777 0.9967 -0.0254
51.0937 -0.5182 41.132 1 0.1 0.0623 0.9977 0.0267
